-2.7915000915527344
-0.5357795357704163
-0.47515302896499634
-0.0781182125210762
-1.4347957372665405
-0.34086766839027405
-0.32188987731933594
-0.08076181262731552
-0.05106477066874504
-0.036097053438425064
0.16092026233673096
0.024286506697535515
0.032270465046167374
-0.056742873042821884
0.027365176007151604
0.009868355467915535
-0.5969231128692627
-0.3501150608062744
-0.33677056431770325
-0.044221751391887665
-0.17160914838314056
0.05712096393108368
0.2399502843618393
-0.0820707306265831
0.003128101583570242
-0.06671115756034851
0.061576928943395615
0.028943341225385666
-0.0017836811020970345
0.004001430701464415
-0.004056169651448727
-0.1404973268508911
-0.011860502883791924
0.09419373422861099
0.14613904058933258
0.010027590207755566
0.5057622194290161
-0.33543288707733154
-0.35996368527412415
-0.11788149923086166
0.13915561139583588
-0.06614906340837479
-0.028138097375631332
-0.006083602551370859
-1.0491983890533447
-0.23199684917926788
-0.39346155524253845
-0.07528980821371078
0.05093379691243172
-0.07554937154054642
0.011951049789786339
-0.059727560728788376
-2.398205280303955
-0.2858852744102478
-0.4279470145702362
-0.09286904335021973
-0.32565832138061523
0.08728645741939545
0.14910899102687836
-0.1463676542043686
0.30996572971343994
0.003651631763204932
-0.10687301307916641
-0.21538077294826508
