-0.030855651944875717
-0.09324660152196884
-0.006409185007214546
0.033563174307346344
-0.014795965515077114
-0.007162558380514383
-0.04680333659052849
0.10575748234987259
0.00604267930611968
-0.46887078881263733
0.010078026913106441
0.08890015631914139
0.022922515869140625
0.018058327957987785
-0.26533573865890503
0.12614384293556213
-1.5238739252090454
-0.7267951369285583
0.014175904914736748
0.06481766700744629
-1.2635834217071533
-0.0040723783895373344
-0.08625336736440659
-0.03703923150897026
-0.08039705455303192
0.2695865035057068
-0.12471216917037964
-1.1605464220046997
0.005282066762447357
-1.2642827033996582
-0.2610774636268616
-0.23350180685520172
-1.5374199151992798
-0.843172550201416
0.0443582758307457
-0.018198205158114433
-0.8860525488853455
-0.001921800198033452
-0.05717388167977333
-0.019573623314499855
-0.03973805904388428
-0.48926013708114624
-0.11648411303758621
-1.0690237283706665
0.12317364662885666
-1.2754818201065063
0.10613545775413513
-0.09526572376489639
