-2.33251953125
-0.480087548494339
-0.394392192363739
-0.0781182125210762
-1.534625768661499
-0.25920969247817993
-0.2262290120124817
-0.08076181262731552
-0.017394371330738068
-0.09042856097221375
0.12579797208309174
0.024286506697535515
0.032270465046167374
-0.056742873042821884
0.027365176007151604
0.009868355467915535
-0.9641475081443787
-0.03900051862001419
-0.018976736813783646
-0.044221751391887665
-0.05506642535328865
-0.13011206686496735
0.0833626314997673
-0.0820707306265831
0.003128101583570242
-0.06671115756034851
0.061576928943395615
0.028943341225385666
-0.0017836811020970345
0.004001430701464415
-0.004056169651448727
-0.1404973268508911
0.011081240139901638
-0.06172088533639908
0.08457685261964798
0.010027590207755566
0.26345545053482056
-0.15575313568115234
-0.05478106811642647
-0.11788149923086166
0.13915561139583588
-0.06614906340837479
-0.028138097375631332
-0.006083602551370859
-1.6220011711120605
-0.2539518177509308
-0.3982123136520386
-0.07528980821371078
0.05093379691243172
-0.07554937154054642
0.011951049789786339
-0.059727560728788376
-2.093456745147705
-0.2883240580558777
-0.3984479010105133
-0.09286904335021973
-0.2056385576725006
-0.00660716462880373
0.03510170802474022
-0.1463676542043686
0.30996572971343994
0.003651631763204932
-0.10687301307916641
-0.21538077294826508
