-2.767732858657837
-0.48908549547195435
-0.4196956157684326
-0.0781182125210762
-1.4423205852508545
-0.28693804144859314
-0.27134737372398376
-0.08076181262731552
-0.051078662276268005
-0.036058079451322556
0.16094639897346497
0.024286506697535515
0.032270465046167374
-0.056742873042821884
0.027365176007151604
0.009868355467915535
-0.5991873741149902
-0.37097033858299255
-0.35578665137290955
-0.044221751391887665
-0.18284617364406586
0.059661705046892166
0.24059909582138062
-0.0820707306265831
0.003128101583570242
-0.06671115756034851
0.061576928943395615
0.028943341225385666
-0.0017836811020970345
0.004001430701464415
-0.004056169651448727
-0.1404973268508911
-0.011861537583172321
0.09421595185995102
0.1461479514837265
0.010027590207755566
0.4827117621898651
-0.34930574893951416
-0.37060365080833435
-0.11788149923086166
0.13915561139583588
-0.06614906340837479
-0.028138097375631332
-0.006083602551370859
-1.0659050941467285
-0.2281396985054016
-0.37921497225761414
-0.07528980821371078
0.05093379691243172
-0.07554937154054642
0.011951049789786339
-0.059727560728788376
-2.4878294467926025
-0.23787754774093628
-0.37269604206085205
-0.09286904335021973
-0.313424676656723
0.0849875658750534
0.1485864669084549
-0.1463676542043686
0.30996572971343994
0.003651631763204932
-0.10687301307916641
-0.21538077294826508
