-0.056727807968854904
-0.08497511595487595
-0.00618324289098382
0.033563174307346344
0.11083165556192398
-0.013940554112195969
-0.04680333659052849
0.10575748234987259
0.13496117293834686
-0.3344379961490631
0.010078026913106441
0.14541886746883392
0.022922515869140625
-0.042321693152189255
-0.16800063848495483
0.12614384293556213
-1.5423661470413208
-0.8310424089431763
0.014089719392359257
0.06481766700744629
-1.1005806922912598
-0.00862910971045494
-0.08625336736440659
-0.03703923150897026
-0.03774604946374893
0.3592543303966522
-0.12471216917037964
-1.0939958095550537
0.005282066762447357
-1.2565699815750122
-0.09174294769763947
-0.23350180685520172
-1.515593409538269
-0.9470353722572327
0.044455599039793015
-0.018198205158114433
-0.7967577576637268
-0.00787157192826271
-0.05717388167977333
-0.019573623314499855
-0.008665598928928375
-0.41261011362075806
-0.11648411303758621
-1.223047137260437
0.12317364662885666
-1.2478538751602173
0.08251017332077026
-0.09526572376489639
