-0.039498742669820786
-0.03193630278110504
-0.02647855319082737
0.033563174307346344
-0.03084835410118103
0.05853573605418205
-0.1180950403213501
0.10575748234987259
-0.05482525750994682
-0.0668511763215065
0.10239745676517487
-0.01256953552365303
0.022922515869140625
-0.029422197490930557
0.004458834882825613
0.21586726605892181
-0.9266566038131714
-0.8738319277763367
-0.05458461865782738
0.06481766700744629
-0.8823227286338806
0.021333765238523483
-0.07257023453712463
-0.03703923150897026
-0.05972510576248169
-0.10695432126522064
-0.1654055416584015
-0.9437037110328674
0.005282066762447357
-0.9218038320541382
0.045854877680540085
-0.2762424647808075
-0.9952788949012756
-0.8660477995872498
0.031858377158641815
-0.018198205158114433
-0.7844336628913879
0.09445726871490479
-0.07553660869598389
-0.019573623314499855
0.029260292649269104
-0.00763424439355731
-0.069673553109169
-0.892709493637085
0.12317364662885666
-0.9466224312782288
0.10130821913480759
-0.015698090195655823
