-0.018024880439043045
0.10221811383962631
0.02920369617640972
0.04266979917883873
-0.1742762178182602
-0.696629524230957
0.15363194048404694
0.14119045436382294
-0.05266345292329788
0.02808644250035286
0.18609508872032166
0.08003315329551697
-1.0646077394485474
0.3632587790489197
-0.8621421456336975
-0.6672570109367371
-0.5288698077201843
0.41257086396217346
-0.7119170427322388
-0.5720986723899841
0.41902947425842285
0.5186478495597839
0.18272501230239868
-0.037853896617889404
-0.627411425113678
0.20074526965618134
-0.5970582962036133
-0.8009024858474731
-0.1822815090417862
-0.6008389592170715
0.080260269343853
0.13849443197250366
0.019985266029834747
0.2577137053012848
0.353223592042923
0.17718665301799774
-0.29137444496154785
-0.6741788983345032
0.18511514365673065
0.12566125392913818
0.009698851965367794
0.10805518925189972
0.08492802083492279
0.09252037107944489
-0.15174320340156555
0.00491869542747736
0.1877126842737198
0.008767638355493546
-0.019970322027802467
0.1798778474330902
0.1481841802597046
0.1021680161356926
-0.21157994866371155
-0.6957676410675049
0.145963653922081
0.062484484165906906
0.194505974650383
0.07367733120918274
0.33318498730659485
0.270734041929245
-1.0077967643737793
0.30105894804000854
-1.063914179801941
-0.9359373450279236
