-0.023081041872501373
-0.037431370466947556
-0.00646991515532136
0.033563174307346344
-0.2142527848482132
0.2574863135814667
-0.04680333659052849
0.10575748234987259
0.006039705127477646
-0.42923375964164734
0.010078026913106441
0.16020457446575165
0.022922515869140625
0.09720190614461899
-0.26340821385383606
0.12614384293556213
-1.5260664224624634
-0.6694873571395874
0.01419841405004263
0.06481766700744629
-1.168304204940796
0.08365228772163391
-0.08625336736440659
-0.03703923150897026
-0.08038102835416794
0.2426275759935379
-0.12471216917037964
-1.2755464315414429
0.005282066762447357
-1.243281364440918
-0.28596729040145874
-0.23350180685520172
-1.5005091428756714
-1.0087403059005737
0.04433099925518036
-0.018198205158114433
-0.9360212683677673
-0.3804776072502136
-0.05717388167977333
-0.019573623314499855
-0.03973239287734032
-0.501745343208313
-0.11648411303758621
-1.0486785173416138
0.12317364662885666
-1.1879299879074097
0.12028124928474426
-0.09526572376489639
