-0.03889380022883415
-0.039490699768066406
-0.012086411938071251
0.033563174307346344
-0.0412246435880661
0.05736783146858215
-0.13594581186771393
0.10575748234987259
-0.07874523103237152
-0.06923184543848038
0.03004043735563755
-0.04268418252468109
0.022922515869140625
-0.0379771962761879
-0.007455678191035986
0.2253430187702179
-0.879410445690155
-0.8140340447425842
-0.027226125821471214
0.06481766700744629
-0.8477712273597717
0.03865789622068405
-0.07382012903690338
-0.03703923150897026
-0.05637452378869057
-0.1178603544831276
-0.19828809797763824
-0.8547335863113403
0.005282066762447357
-0.8596672415733337
0.06626196950674057
-0.22376948595046997
-0.907253623008728
-0.8363932371139526
0.0290441382676363
-0.018198205158114433
-0.7051824927330017
0.08549966663122177
-0.09766831994056702
-0.019573623314499855
0.0478438176214695
-0.04141157865524292
-0.08583362400531769
-0.871648371219635
0.12317364662885666
-0.8783857226371765
0.08789750188589096
0.03611091524362564
