-2.5826005935668945
-0.6257106065750122
-0.4651130735874176
-0.0781182125210762
-1.3610507249832153
-0.30105483531951904
-0.2218284159898758
-0.08076181262731552
-0.051142677664756775
-0.0358782596886158
0.16106674075126648
0.024286506697535515
0.032270465046167374
-0.056742873042821884
0.027365176007151604
0.009868355467915535
-1.2046977281570435
0.2279280126094818
0.14521098136901855
-0.044221751391887665
-0.040304165333509445
-0.10729590803384781
0.10386131703853607
-0.0820707306265831
0.003128101583570242
-0.06671115756034851
0.061576928943395615
0.028943341225385666
-0.0017836811020970345
0.004001430701464415
-0.004056169651448727
-0.1404973268508911
0.04992641136050224
-0.004654739983379841
0.0700405165553093
0.010027590207755566
0.14532604813575745
-0.4818945527076721
-0.4095904231071472
-0.11788149923086166
0.13915561139583588
-0.06614906340837479
-0.028138097375631332
-0.006083602551370859
-1.3757784366607666
-0.37428393959999084
-0.44712164998054504
-0.07528980821371078
0.05093379691243172
-0.07554937154054642
0.011951049789786339
-0.059727560728788376
-2.3302958011627197
-0.4123920202255249
-0.4571452736854553
-0.09286904335021973
-0.2054211050271988
0.00967046432197094
0.06736445426940918
-0.1463676542043686
0.30996572971343994
0.003651631763204932
-0.10687301307916641
-0.21538077294826508
