-2.5439867973327637
-0.46054568886756897
-0.3762129545211792
-0.0781182125210762
-1.4390320777893066
-0.2207663506269455
-0.18915824592113495
-0.08076181262731552
-0.051255665719509125
-0.03599691390991211
0.16093620657920837
0.024286506697535515
0.032270465046167374
-0.056742873042821884
0.027365176007151604
0.009868355467915535
-1.1101276874542236
0.2125915139913559
0.17986413836479187
-0.044221751391887665
-0.047199927270412445
-0.12078891694545746
0.09129001200199127
-0.0820707306265831
0.003128101583570242
-0.06671115756034851
0.061576928943395615
0.028943341225385666
-0.0017836811020970345
0.004001430701464415
-0.004056169651448727
-0.1404973268508911
0.005554266273975372
-0.06633895635604858
0.07926436513662338
0.010027590207755566
0.19896510243415833
-0.3249855935573578
-0.24363493919372559
-0.11788149923086166
0.13915561139583588
-0.06614906340837479
-0.028138097375631332
-0.006083602551370859
-1.498302698135376
-0.2764163017272949
-0.42175066471099854
-0.07528980821371078
0.05093379691243172
-0.07554937154054642
0.011951049789786339
-0.059727560728788376
-2.2225089073181152
-0.26479506492614746
-0.376007080078125
-0.09286904335021973
-0.16372981667518616
0.04461797699332237
0.08000548183917999
-0.1463676542043686
0.30996572971343994
0.003651631763204932
-0.10687301307916641
-0.21538077294826508
