-0.1168108582496643
-0.005895639304071665
-0.006104453932493925
0.033563174307346344
0.1086239293217659
-0.007848763838410378
-0.04680333659052849
0.10575748234987259
0.18515805900096893
-0.3650180995464325
0.010078026913106441
-0.02386597730219364
0.022922515869140625
0.005694751627743244
-0.17751631140708923
0.12614384293556213
-1.4164977073669434
-0.832395076751709
0.014059925451874733
0.06481766700744629
-1.179653286933899
-0.0012045197654515505
-0.08625336736440659
-0.03703923150897026
0.16845262050628662
0.3439478874206543
-0.12471216917037964
-1.176892876625061
0.005282066762447357
-1.1909178495407104
-0.09240884333848953
-0.23350180685520172
-1.4354592561721802
-0.860529363155365
0.0444902703166008
-0.018198205158114433
-0.7366833686828613
-0.016759544610977173
-0.05717388167977333
-0.019573623314499855
-0.11182954907417297
-0.35434937477111816
-0.11648411303758621
-1.2145625352859497
0.12317364662885666
-1.1888526678085327
0.03621888905763626
-0.09526572376489639
