-2.7761783599853516
-0.531677782535553
-0.4639813005924225
-0.0781182125210762
-1.3411145210266113
-0.3606163561344147
-0.33001527190208435
-0.08076181262731552
-0.05103553086519241
-0.03617924451828003
0.1608651876449585
0.024286506697535515
0.032270465046167374
-0.056742873042821884
0.027365176007151604
0.009868355467915535
-0.5819896459579468
-0.35847315192222595
-0.3549845814704895
-0.044221751391887665
-0.15388193726539612
0.04497065767645836
0.23210877180099487
-0.0820707306265831
0.003128101583570242
-0.06671115756034851
0.061576928943395615
0.028943341225385666
-0.0017836811020970345
0.004001430701464415
-0.004056169651448727
-0.1404973268508911
-0.011858290992677212
0.0941460058093071
0.146120086312294
0.010027590207755566
0.5561307668685913
-0.3535991311073303
-0.37663915753364563
-0.11788149923086166
0.13915561139583588
-0.06614906340837479
-0.028138097375631332
-0.006083602551370859
-0.8962507843971252
-0.24441750347614288
-0.3928816020488739
-0.07528980821371078
0.05093379691243172
-0.07554937154054642
0.011951049789786339
-0.059727560728788376
-2.548464298248291
-0.30144813656806946
-0.43360209465026855
-0.09286904335021973
-0.3558643162250519
0.1026674285531044
0.15864001214504242
-0.1463676542043686
0.30996572971343994
0.003651631763204932
-0.10687301307916641
-0.21538077294826508
