-0.029164522886276245
-0.10693880170583725
-0.03320321813225746
0.033563174307346344
0.05502451956272125
-0.020503368228673935
-0.04680333659052849
0.10575748234987259
-0.00903232954442501
-0.10887812823057175
0.010078026913106441
-0.11537888646125793
0.022922515869140625
0.052153218537569046
-0.16748914122581482
0.12614384293556213
-1.2496310472488403
-1.0195410251617432
0.010283861309289932
0.06481766700744629
-0.8622806072235107
-0.006666922010481358
-0.08625336736440659
-0.03703923150897026
0.005772594828158617
0.2723987102508545
-0.12471216917037964
-1.2187145948410034
0.005282066762447357
-1.0680038928985596
-0.05511072650551796
-0.23350180685520172
-1.258314847946167
-1.076098084449768
0.03355462849140167
-0.018198205158114433
-0.9031262993812561
-0.02029416337609291
-0.05717388167977333
-0.019573623314499855
-0.03306850790977478
-0.19355222582817078
-0.11648411303758621
-1.2616502046585083
0.12317364662885666
-1.0954372882843018
0.04592480510473251
-0.09526572376489639
