-2.807269811630249
-0.5278261303901672
-0.46410462260246277
-0.0781182125210762
-1.415084719657898
-0.3702123761177063
-0.3463094234466553
-0.08076181262731552
-0.051046404987573624
-0.036148685961961746
0.16088566184043884
0.024286506697535515
0.032270465046167374
-0.056742873042821884
0.027365176007151604
0.009868355467915535
-0.581242024898529
-0.3478390574455261
-0.3440914750099182
-0.044221751391887665
-0.1605224311351776
0.049690015614032745
0.23519301414489746
-0.0820707306265831
0.003128101583570242
-0.06671115756034851
0.061576928943395615
0.028943341225385666
-0.0017836811020970345
0.004001430701464415
-0.004056169651448727
-0.1404973268508911
-0.01185919251292944
0.0941653847694397
0.14612776041030884
0.010027590207755566
0.5046534538269043
-0.38487258553504944
-0.413180947303772
-0.11788149923086166
0.13915561139583588
-0.06614906340837479
-0.028138097375631332
-0.006083602551370859
-0.8328220248222351
-0.21233271062374115
-0.36494430899620056
-0.07528980821371078
0.05093379691243172
-0.07554937154054642
0.011951049789786339
-0.059727560728788376
-2.4386022090911865
-0.2953376770019531
-0.4318692684173584
-0.09286904335021973
-0.335213303565979
0.16249670088291168
0.21779461205005646
-0.1463676542043686
0.30996572971343994
0.003651631763204932
-0.10687301307916641
-0.21538077294826508
