-2.627403736114502
-0.471628874540329
-0.38225653767585754
-0.0781182125210762
-1.3681780099868774
-0.252483606338501
-0.2218308299779892
-0.08076181262731552
-0.05110592395067215
-0.035981446504592896
0.16099771857261658
0.024286506697535515
0.032270465046167374
-0.056742873042821884
0.027365176007151604
0.009868355467915535
-0.7572108507156372
-0.10106722265481949
-0.1269361823797226
-0.044221751391887665
-0.04410053789615631
-0.09855440258979797
0.11294399946928024
-0.0820707306265831
0.003128101583570242
-0.06671115756034851
0.061576928943395615
0.028943341225385666
-0.0017836811020970345
0.004001430701464415
-0.004056169651448727
-0.1404973268508911
-0.011863392777740955
0.09425599128007889
0.14616386592388153
0.010027590207755566
0.28763964772224426
-0.36940160393714905
-0.35788658261299133
-0.11788149923086166
0.13915561139583588
-0.06614906340837479
-0.028138097375631332
-0.006083602551370859
-1.5503818988800049
-0.24750417470932007
-0.38356515765190125
-0.07528980821371078
0.05093379691243172
-0.07554937154054642
0.011951049789786339
-0.059727560728788376
-2.523310661315918
-0.23856301605701447
-0.35736164450645447
-0.09286904335021973
-0.22889776527881622
0.09554801881313324
0.1653595268726349
-0.1463676542043686
0.30996572971343994
0.003651631763204932
-0.10687301307916641
-0.21538077294826508
