-0.04811689630150795
-0.08915700018405914
-0.006345581263303757
0.033563174307346344
-0.01572592742741108
-0.005097503308206797
-0.04680333659052849
0.10575748234987259
0.00604638596996665
-0.34622707962989807
0.010078026913106441
0.0639374852180481
0.022922515869140625
0.024080349132418633
-0.21809203922748566
0.12614384293556213
-1.5382797718048096
-0.8580126762390137
0.01415173802524805
0.06481766700744629
-1.0793285369873047
-0.004620897118002176
-0.08625336736440659
-0.03703923150897026
-0.080418162047863
0.3348661959171295
-0.12471216917037964
-1.0457147359848022
0.005282066762447357
-1.2839456796646118
-0.16961893439292908
-0.23350180685520172
-1.524688482284546
-0.8150814175605774
0.04438237100839615
-0.018198205158114433
-0.8280486464500427
-0.0025472640991210938
-0.05717388167977333
-0.019573623314499855
-0.03974475711584091
-0.42548277974128723
-0.11648411303758621
-1.0941966772079468
0.12317364662885666
-1.261155366897583
0.0390106663107872
-0.09526572376489639
