-2.3004684448242188
-0.4415578842163086
-0.3439418375492096
-0.0781182125210762
-1.5282206535339355
-0.2282288670539856
-0.1841496378183365
-0.08076181262731552
-0.0007139835506677628
-0.0768236517906189
0.14032551646232605
0.024286506697535515
0.032270465046167374
-0.056742873042821884
0.027365176007151604
0.009868355467915535
-0.9634475111961365
-0.08425840735435486
-0.04761454463005066
-0.044221751391887665
-0.05922659859061241
-0.13283926248550415
0.08114425837993622
-0.0820707306265831
0.003128101583570242
-0.06671115756034851
0.061576928943395615
0.028943341225385666
-0.0017836811020970345
0.004001430701464415
-0.004056169651448727
-0.1404973268508911
0.012185472063720226
-0.06080048531293869
0.08562459796667099
0.010027590207755566
0.24404022097587585
-0.10470890253782272
0.006185662932693958
-0.11788149923086166
0.13915561139583588
-0.06614906340837479
-0.028138097375631332
-0.006083602551370859
-1.6225782632827759
-0.21877598762512207
-0.350798636674881
-0.07528980821371078
0.05093379691243172
-0.07554937154054642
0.011951049789786339
-0.059727560728788376
-2.126681327819824
-0.2632116973400116
-0.36098894476890564
-0.09286904335021973
-0.1778491884469986
0.048901453614234924
0.09151801466941833
-0.1463676542043686
0.30996572971343994
0.003651631763204932
-0.10687301307916641
-0.21538077294826508
