-0.035633403807878494
-0.11903563886880875
-0.00668645603582263
0.033563174307346344
-0.13168342411518097
0.04446176439523697
-0.04680333659052849
0.10575748234987259
0.006032145582139492
-0.4565369188785553
0.010078026913106441
0.12655991315841675
0.022922515869140625
0.08500335365533829
-0.29871928691864014
0.12614384293556213
-1.574549913406372
-0.6835870146751404
0.014280032366514206
0.06481766700744629
-1.1872316598892212
0.03898434340953827
-0.08625336736440659
-0.03703923150897026
-0.08033955097198486
0.20113661885261536
-0.12471216917037964
-1.1758555173873901
0.005282066762447357
-1.3550409078598022
-0.36824843287467957
-0.23350180685520172
-1.6076163053512573
-0.8250059485435486
0.04422175884246826
-0.018198205158114433
-0.8648277521133423
-0.3409649133682251
-0.05717388167977333
-0.019573623314499855
-0.03971792757511139
-0.6210379004478455
-0.11648411303758621
-0.8768660426139832
0.12317364662885666
-1.3274632692337036
0.17071396112442017
-0.09526572376489639
