0.042755112051963806
-0.03597668185830116
-0.006161289755254984
0.033563174307346344
0.1545204222202301
-0.024263903498649597
-0.04680333659052849
0.10575748234987259
-0.009177418425679207
-0.21592172980308533
0.010078026913106441
-0.08047117292881012
0.022922515869140625
0.08621066808700562
-0.18207627534866333
0.12614384293556213
-1.3675251007080078
-0.9913055300712585
0.013905899599194527
0.06481766700744629
-0.8556680083274841
-0.012761044315993786
-0.08625336736440659
-0.03703923150897026
0.007933981716632843
0.15305981040000916
-0.12471216917037964
-1.1600226163864136
0.005282066762447357
-1.1538269519805908
0.029835620895028114
-0.23350180685520172
-1.362669825553894
-0.862678587436676
0.04468822851777077
-0.018198205158114433
-0.9658522605895996
-0.01076501701027155
-0.05717388167977333
-0.019573623314499855
-0.0318012572824955
-0.35623180866241455
-0.11648411303758621
-1.0533479452133179
0.12317364662885666
-1.1302372217178345
0.09096080809831619
-0.09526572376489639
