-0.041386689990758896
-0.05537250638008118
-0.006024469621479511
0.033563174307346344
0.09907414764165878
-0.01601019874215126
-0.04680333659052849
0.10575748234987259
-0.009263824671506882
-0.3067196309566498
0.010078026913106441
-0.08820075541734695
0.022922515869140625
0.09469828009605408
-0.19720706343650818
0.12614384293556213
-1.428037405014038
-0.8770570755004883
0.01402980275452137
0.06481766700744629
-0.835236132144928
-0.012573834508657455
-0.08625336736440659
-0.03703923150897026
0.00910611730068922
0.20103639364242554
-0.12471216917037964
-0.9307194948196411
0.005282066762447357
-1.2177002429962158
-0.09005801379680634
-0.23350180685520172
-1.4650852680206299
-0.7850439548492432
0.04452972859144211
-0.018198205158114433
-0.9580119252204895
-0.00416027894243598
-0.05717388167977333
-0.019573623314499855
-0.031078651547431946
-0.3918851315975189
-0.11648411303758621
-1.1000686883926392
0.12317364662885666
-1.2135039567947388
0.2033047080039978
-0.09526572376489639
