-2.5012900829315186
-0.5001509785652161
-0.4161986708641052
-0.0781182125210762
-1.4499719142913818
-0.2830204963684082
-0.25183600187301636
-0.08076181262731552
-0.17904160916805267
-0.2607089877128601
-0.05819976329803467
0.024286506697535515
0.032270465046167374
-0.056742873042821884
0.027365176007151604
0.009868355467915535
-1.0166902542114258
0.18851222097873688
0.16381186246871948
-0.044221751391887665
-0.04895509034395218
-0.12348318845033646
0.08897881954908371
-0.0820707306265831
0.003128101583570242
-0.06671115756034851
0.061576928943395615
0.028943341225385666
-0.0017836811020970345
0.004001430701464415
-0.004056169651448727
-0.1404973268508911
0.007455680053681135
-0.06475616991519928
0.08110297471284866
0.010027590207755566
0.19960956275463104
-0.22293688356876373
-0.13181065022945404
-0.11788149923086166
0.13915561139583588
-0.06614906340837479
-0.028138097375631332
-0.006083602551370859
-1.4997626543045044
-0.2821118235588074
-0.4290647804737091
-0.07528980821371078
0.05093379691243172
-0.07554937154054642
0.011951049789786339
-0.059727560728788376
-2.1268975734710693
-0.2953421175479889
-0.40719300508499146
-0.09286904335021973
-0.238622784614563
-0.06285496801137924
-0.02468894235789776
-0.1463676542043686
0.30996572971343994
0.003651631763204932
-0.10687301307916641
-0.21538077294826508
