-0.03891509771347046
-0.18341666460037231
-0.0067823054268956184
0.033563174307346344
-0.17258132994174957
0.041629958897829056
-0.04680333659052849
0.10575748234987259
0.006027913186699152
-0.44104117155075073
0.010078026913106441
0.09719297289848328
0.022922515869140625
0.016017908230423927
-0.27175188064575195
0.12614384293556213
-1.6081405878067017
-0.6851488351821899
0.014316894114017487
0.06481766700744629
-1.1565190553665161
0.03771879896521568
-0.08625336736440659
-0.03703923150897026
-0.08031568676233292
0.16550032794475555
-0.12471216917037964
-1.046583890914917
0.005282066762447357
-1.332610011100769
-0.28195470571517944
-0.23350180685520172
-1.605033278465271
-0.7978923916816711
0.04418708384037018
-0.018198205158114433
-0.9257392287254333
-0.3350209891796112
-0.05717388167977333
-0.019573623314499855
-0.03970944881439209
-0.6607261896133423
-0.11648411303758621
-0.9030319452285767
0.12317364662885666
-1.3293592929840088
0.08032587915658951
-0.09526572376489639
