-0.05963216722011566
-0.1500028818845749
-0.2328602820634842
0.033563174307346344
0.07032043486833572
-0.02241785265505314
-0.04680333659052849
0.10575748234987259
-0.00911781471222639
-0.1029530018568039
0.010078026913106441
-0.04516252875328064
0.022922515869140625
-0.01255591306835413
-0.24961403012275696
0.12614384293556213
-1.281514286994934
-0.9637317061424255
-0.09158000349998474
0.06481766700744629
-0.8228239417076111
-0.009791398420929909
-0.08625336736440659
-0.03703923150897026
0.007096805144101381
0.12571555376052856
-0.12471216917037964
-1.1954747438430786
0.005282066762447357
-1.0768862962722778
0.03319831192493439
-0.23350180685520172
-1.2754994630813599
-0.9216597080230713
0.2044348120689392
-0.018198205158114433
-1.0863689184188843
-0.015111629851162434
-0.05717388167977333
-0.019573623314499855
-0.032309211790561676
-0.21423014998435974
-0.11648411303758621
-1.1393404006958008
0.12317364662885666
-1.0753353834152222
0.07919907569885254
-0.09526572376489639
