0.007540349382907152
-0.019379068166017532
-0.14452819526195526
0.0020996639505028725
0.010205624625086784
-0.07693275809288025
-0.03850924223661423
-0.01636199653148651
0.3108672797679901
-0.01014551892876625
-0.05406110733747482
0.1377553790807724
-0.10136669874191284
-0.03447987884283066
-0.035192955285310745
-0.02994883619248867
-0.004253746476024389
0.27424144744873047
0.08780456334352493
-0.5603860020637512
-0.582639217376709
-0.3917483389377594
-0.5313382744789124
0.225704163312912
-0.006893382407724857
0.25716766715049744
0.030086813494563103
0.11908011138439178
0.12150649726390839
0.27355584502220154
-0.2185683697462082
-0.6090694665908813
-0.08212123811244965
0.3103685677051544
-0.02783174067735672
-0.5608758330345154
-0.5715660452842712
-0.41695311665534973
-0.528358519077301
0.26216021180152893
-0.06805170327425003
0.3059365451335907
0.07102864980697632
0.11690550297498703
-0.26672908663749695
0.29880231618881226
0.1897716224193573
-0.6157776117324829
