-2.3174681663513184
-0.37681886553764343
-0.26924431324005127
-0.0781182125210762
-1.6753686666488647
-0.18255212903022766
-0.1316717565059662
-0.08076181262731552
-0.030510133132338524
-0.10311248153448105
0.11159658432006836
0.024286506697535515
0.032270465046167374
-0.056742873042821884
0.027365176007151604
0.009868355467915535
-1.0813302993774414
-0.11797519773244858
-0.12305495142936707
-0.044221751391887665
-0.04805868864059448
-0.0880180224776268
0.12463133037090302
-0.0820707306265831
0.003128101583570242
-0.06671115756034851
0.061576928943395615
0.028943341225385666
-0.0017836811020970345
0.004001430701464415
-0.004056169651448727
-0.1404973268508911
-0.005759024526923895
-0.07557886838912964
0.06767226755619049
0.010027590207755566
-0.013003943488001823
-0.09111645817756653
0.048557162284851074
-0.11788149923086166
0.13915561139583588
-0.06614906340837479
-0.028138097375631332
-0.006083602551370859
-1.7170289754867554
-0.14687708020210266
-0.2719133794307709
-0.07528980821371078
0.05093379691243172
-0.07554937154054642
0.011951049789786339
-0.059727560728788376
-2.1080665588378906
-0.2012435793876648
-0.2923406660556793
-0.09286904335021973
-0.15846318006515503
0.08851681649684906
0.1310030221939087
-0.1463676542043686
0.30996572971343994
0.003651631763204932
-0.10687301307916641
-0.21538077294826508
