-2.6317310333251953
-0.552923321723938
-0.43097200989723206
-0.0781182125210762
-1.3631186485290527
-0.2694433033466339
-0.22098106145858765
-0.08076181262731552
-0.051125362515449524
-0.03592687472701073
0.16103418171405792
0.024286506697535515
0.032270465046167374
-0.056742873042821884
0.027365176007151604
0.009868355467915535
-0.9051876664161682
-0.05033920332789421
-0.09553653001785278
-0.044221751391887665
-0.03960472345352173
-0.10216626524925232
0.10859206318855286
-0.0820707306265831
0.003128101583570242
-0.06671115756034851
0.061576928943395615
0.028943341225385666
-0.0017836811020970345
0.004001430701464415
-0.004056169651448727
-0.1404973268508911
-0.011854399926960468
0.09429699927568436
0.14618802070617676
0.010027590207755566
0.3355538249015808
-0.3009723424911499
-0.2557911276817322
-0.11788149923086166
0.13915561139583588
-0.06614906340837479
-0.028138097375631332
-0.006083602551370859
-1.4992653131484985
-0.2565067410469055
-0.35811731219291687
-0.07528980821371078
0.05093379691243172
-0.07554937154054642
0.011951049789786339
-0.059727560728788376
-2.3592779636383057
-0.3242374360561371
-0.4079609215259552
-0.09286904335021973
-0.15379469096660614
0.0647810772061348
0.11667343974113464
-0.1463676542043686
0.30996572971343994
0.003651631763204932
-0.10687301307916641
-0.21538077294826508
