-0.002718650968745351
-0.0751635730266571
-0.006226317025721073
0.033563174307346344
0.010799846611917019
0.00010430034308228642
-0.04680333659052849
0.10575748234987259
0.006116332486271858
-0.3026140630245209
0.010078026913106441
0.09744851291179657
0.022922515869140625
0.0221988707780838
-0.14175844192504883
0.12614384293556213
-1.4989198446273804
-0.785682737827301
0.014106588438153267
0.06481766700744629
-1.1114161014556885
0.006515939719974995
-0.08625336736440659
-0.03703923150897026
-0.08043348044157028
0.30511096119880676
-0.12471216917037964
-1.095296859741211
0.005282066762447357
-1.1993378400802612
-0.10173604637384415
-0.23350180685520172
-1.475993275642395
-0.8684719800949097
0.04443547502160072
-0.018198205158114433
-0.7763115167617798
-0.005524024832993746
-0.05717388167977333
-0.019573623314499855
-0.039738498628139496
-0.3661337196826935
-0.11648411303758621
-1.2159966230392456
0.12317364662885666
-1.184827208518982
0.06124614179134369
-0.09526572376489639
