-0.00579399149864912
-0.05865047872066498
-0.00627550296485424
0.033563174307346344
-0.012559285387396812
-0.0069241090677678585
-0.04680333659052849
0.10575748234987259
0.006049764808267355
-0.332628458738327
0.010078026913106441
0.039278700947761536
0.022922515869140625
0.06132253259420395
-0.2742742896080017
0.12614384293556213
-1.531046986579895
-0.8461569547653198
0.014124926179647446
0.06481766700744629
-1.100882649421692
-0.0014510216424241662
-0.08625336736440659
-0.03703923150897026
-0.08043729513883591
0.3534713685512543
-0.12471216917037964
-1.0549591779708862
0.005282066762447357
-1.2490202188491821
-0.15194092690944672
-0.23350180685520172
-1.506571888923645
-0.8432583212852478
0.04440819099545479
-0.018198205158114433
-0.7950102090835571
0.0008202757453545928
-0.05717388167977333
-0.019573623314499855
-0.03975062444806099
-0.38850611448287964
-0.11648411303758621
-1.1568959951400757
0.12317364662885666
-1.2539188861846924
0.046526722609996796
-0.09526572376489639
