0.00017553428187966347
-0.1092023253440857
-0.08797775208950043
0.033563174307346344
-0.04469132795929909
-0.015504969283938408
-0.06944314390420914
0.10575748234987259
-0.035419777035713196
-0.10160616040229797
0.01174269337207079
-0.032655492424964905
0.022922515869140625
-0.025681568309664726
-0.06987418979406357
0.12614384293556213
-1.1238726377487183
-0.9522464275360107
-0.09682056307792664
0.06481766700744629
-0.9778136014938354
-0.006766908802092075
-0.10222931951284409
-0.03703923150897026
-0.033574510365724564
-0.058208879083395004
-0.12489192932844162
-1.1176118850708008
0.005282066762447357
-1.1316932439804077
0.010622034780681133
-0.23350180685520172
-1.1295802593231201
-1.0827974081039429
-0.021133054047822952
-0.018198205158114433
-0.9123599529266357
0.08320383727550507
-0.0625123381614685
-0.019573623314499855
-0.0067434161901474
-0.04370424896478653
-0.1305205225944519
-1.0414584875106812
0.12317364662885666
-1.058250069618225
0.10291643440723419
-0.09526572376489639
