-2.5634398460388184
-0.5776522159576416
-0.4302939772605896
-0.0781182125210762
-1.3599120378494263
-0.29000720381736755
-0.21512417495250702
-0.08076181262731552
-0.05114755406975746
-0.03586455062031746
0.16107593476772308
0.024286506697535515
0.032270465046167374
-0.056742873042821884
0.027365176007151604
0.009868355467915535
-1.092459797859192
0.14756272733211517
0.11063964664936066
-0.044221751391887665
-0.04510890692472458
-0.11476774513721466
0.09644117206335068
-0.0820707306265831
0.003128101583570242
-0.06671115756034851
0.061576928943395615
0.028943341225385666
-0.0017836811020970345
0.004001430701464415
-0.004056169651448727
-0.1404973268508911
-0.015113715082406998
-0.032783638685941696
0.06378363817930222
0.010027590207755566
0.21325618028640747
-0.40749427676200867
-0.3338555693626404
-0.11788149923086166
0.13915561139583588
-0.06614906340837479
-0.028138097375631332
-0.006083602551370859
-1.364912986755371
-0.37039127945899963
-0.4578753411769867
-0.07528980821371078
0.05093379691243172
-0.07554937154054642
0.011951049789786339
-0.059727560728788376
-2.3888700008392334
-0.3705105483531952
-0.4264765977859497
-0.09286904335021973
-0.24852299690246582
-0.014624778181314468
0.050647977739572525
-0.1463676542043686
0.30996572971343994
0.003651631763204932
-0.10687301307916641
-0.21538077294826508
