0.0013257362879812717
0.0012841676361858845
-0.009984263218939304
0.033563174307346344
0.040831197053194046
-0.01824531890451908
-0.04680333659052849
0.10575748234987259
-0.008815758861601353
-0.10936076939105988
0.010078026913106441
-0.027586936950683594
0.022922515869140625
0.10485485941171646
-0.08600032329559326
0.12614384293556213
-1.2693548202514648
-1.165116548538208
-0.013917913660407066
0.06481766700744629
-0.8759543299674988
-0.0028594734612852335
-0.08625336736440659
-0.03703923150897026
0.004348743706941605
0.18581511080265045
-0.12471216917037964
-1.1789562702178955
0.005282066762447357
-1.1524267196655273
-0.07760167866945267
-0.23350180685520172
-1.2634010314941406
-1.056168556213379
0.046348899602890015
-0.018198205158114433
-0.9549971222877502
-0.02704448625445366
-0.05717388167977333
-0.019573623314499855
-0.033617135137319565
-0.2122754603624344
-0.11648411303758621
-1.208481788635254
0.12317364662885666
-1.1788092851638794
0.02708149142563343
-0.09526572376489639
