-0.020550450310111046
-0.038601815700531006
-0.05394947528839111
0.033563174307346344
-0.08099234104156494
-0.04199324548244476
-0.04680333659052849
0.10575748234987259
-0.011466257274150848
-0.06063264235854149
0.010078026913106441
-0.061917807906866074
0.022922515869140625
0.016673047095537186
-0.1280878633260727
0.12614384293556213
-1.2767951488494873
-1.1363401412963867
0.029484935104846954
0.06481766700744629
-1.0079542398452759
-0.036354854702949524
-0.08625336736440659
-0.03703923150897026
0.021491488441824913
-0.02245441824197769
-0.12471216917037964
-1.1041743755340576
0.005282066762447357
-1.1906671524047852
-0.08046142011880875
-0.23350180685520172
-1.2452224493026733
-1.0792301893234253
-0.0001382915215799585
-0.018198205158114433
-0.9061596393585205
0.02273990400135517
-0.05717388167977333
-0.019573623314499855
-0.009543233551084995
-0.062117915600538254
-0.11648411303758621
-1.2630404233932495
0.12317364662885666
-1.227891206741333
0.02221851423382759
-0.09526572376489639
