-0.035217102617025375
-0.1734287291765213
-0.006875626277178526
0.033563174307346344
-0.12675882875919342
0.039470721036195755
-0.04680333659052849
0.10575748234987259
0.006022746209055185
-0.4531310200691223
0.010078026913106441
0.04913298785686493
0.022922515869140625
-0.009188812226057053
-0.26503413915634155
0.12614384293556213
-1.633751630783081
-0.652016282081604
0.01435199473053217
0.06481766700744629
-1.1920897960662842
0.036597609519958496
-0.08625336736440659
-0.03703923150897026
-0.08028741180896759
0.1543777585029602
-0.12471216917037964
-1.0685356855392456
0.005282066762447357
-1.3791552782058716
-0.27569398283958435
-0.23350180685520172
-1.602449893951416
-0.8384174704551697
0.0441402792930603
-0.018198205158114433
-0.8979814648628235
-0.32913845777511597
-0.05717388167977333
-0.019573623314499855
-0.03969996050000191
-0.7021114826202393
-0.11648411303758621
-0.866094708442688
0.12317364662885666
-1.3260858058929443
0.03770503029227257
-0.09526572376489639
