-2.565861225128174
-0.5556661486625671
-0.4387700855731964
-0.0781182125210762
-1.3612862825393677
-0.26487061381340027
-0.21718820929527283
-0.08076181262731552
-0.05113203078508377
-0.03590811789035797
0.16104672849178314
0.024286506697535515
0.032270465046167374
-0.056742873042821884
0.027365176007151604
0.009868355467915535
-1.1865546703338623
-0.03414425998926163
-0.043311167508363724
-0.044221751391887665
-0.043511003255844116
-0.10423266142606735
0.10699732601642609
-0.0820707306265831
0.003128101583570242
-0.06671115756034851
0.061576928943395615
0.028943341225385666
-0.0017836811020970345
0.004001430701464415
-0.004056169651448727
-0.1404973268508911
0.007761669345200062
0.11600962281227112
0.16890203952789307
0.010027590207755566
0.2907755672931671
-0.3832499086856842
-0.32412660121917725
-0.11788149923086166
0.13915561139583588
-0.06614906340837479
-0.028138097375631332
-0.006083602551370859
-1.459264874458313
-0.23858559131622314
-0.3453628122806549
-0.07528980821371078
0.05093379691243172
-0.07554937154054642
0.011951049789786339
-0.059727560728788376
-2.405052900314331
-0.3307212293148041
-0.41916099190711975
-0.09286904335021973
-0.19460302591323853
0.0053100138902664185
0.04919853061437607
-0.1463676542043686
0.30996572971343994
0.003651631763204932
-0.10687301307916641
-0.21538077294826508
