-2.524451971054077
-0.5429919958114624
-0.4500768780708313
-0.0781182125210762
-1.3593701124191284
-0.26916635036468506
-0.22854217886924744
-0.08076181262731552
-0.051152151077985764
-0.03585181012749672
0.16108447313308716
0.024286506697535515
0.032270465046167374
-0.056742873042821884
0.027365176007151604
0.009868355467915535
-1.1000988483428955
0.174159973859787
0.1414313018321991
-0.044221751391887665
-0.04547053202986717
-0.11844275146722794
0.0930580273270607
-0.0820707306265831
0.003128101583570242
-0.06671115756034851
0.061576928943395615
0.028943341225385666
-0.0017836811020970345
0.004001430701464415
-0.004056169651448727
-0.1404973268508911
0.003075819695368409
-0.06839407235383987
0.07684839516878128
0.010027590207755566
0.1996612548828125
-0.39985209703445435
-0.32843688130378723
-0.11788149923086166
0.13915561139583588
-0.06614906340837479
-0.028138097375631332
-0.006083602551370859
-1.4784305095672607
-0.3410630226135254
-0.4775846004486084
-0.07528980821371078
0.05093379691243172
-0.07554937154054642
0.011951049789786339
-0.059727560728788376
-2.3056724071502686
-0.33363956212997437
-0.43758124113082886
-0.09286904335021973
-0.2345224916934967
-0.020402170717716217
0.02169387973845005
-0.1463676542043686
0.30996572971343994
0.003651631763204932
-0.10687301307916641
-0.21538077294826508
