-2.7278175354003906
-0.48931702971458435
-0.41726723313331604
-0.0781182125210762
-1.40967857837677
-0.3540860414505005
-0.3239597678184509
-0.08076181262731552
-0.05106167495250702
-0.03610578551888466
0.16091440618038177
0.024286506697535515
0.032270465046167374
-0.056742873042821884
0.027365176007151604
0.009868355467915535
-0.5868778824806213
-0.3598231375217438
-0.35024771094322205
-0.044221751391887665
-0.1681811660528183
0.05480958893895149
0.23845359683036804
-0.0820707306265831
0.003128101583570242
-0.06671115756034851
0.061576928943395615
0.028943341225385666
-0.0017836811020970345
0.004001430701464415
-0.004056169651448727
-0.1404973268508911
-0.011860180646181107
0.09418677538633347
0.14613622426986694
0.010027590207755566
0.5423261523246765
-0.3404322862625122
-0.35905563831329346
-0.11788149923086166
0.13915561139583588
-0.06614906340837479
-0.028138097375631332
-0.006083602551370859
-0.9444698691368103
-0.16522282361984253
-0.3194515109062195
-0.07528980821371078
0.05093379691243172
-0.07554937154054642
0.011951049789786339
-0.059727560728788376
-2.391152858734131
-0.2538321912288666
-0.38470950722694397
-0.09286904335021973
-0.4434099793434143
0.10306991636753082
0.1665392518043518
-0.1463676542043686
0.30996572971343994
0.003651631763204932
-0.10687301307916641
-0.21538077294826508
