-2.411707878112793
-0.4994024932384491
-0.41366636753082275
-0.0781182125210762
-1.5143470764160156
-0.2719774842262268
-0.2392345666885376
-0.08076181262731552
-0.021542148664593697
-0.09411001205444336
0.12176661193370819
0.024286506697535515
0.032270465046167374
-0.056742873042821884
0.027365176007151604
0.009868355467915535
-0.9642415642738342
0.052979085594415665
0.050970859825611115
-0.044221751391887665
-0.05223385617136955
-0.1275607794523239
0.08548393100500107
-0.0820707306265831
0.003128101583570242
-0.06671115756034851
0.061576928943395615
0.028943341225385666
-0.0017836811020970345
0.004001430701464415
-0.004056169651448727
-0.1404973268508911
0.010012377984821796
-0.06261691451072693
0.0835556834936142
0.010027590207755566
0.30560848116874695
-0.09532832354307175
0.002006865106523037
-0.11788149923086166
0.13915561139583588
-0.06614906340837479
-0.028138097375631332
-0.006083602551370859
-1.527992844581604
-0.2727607190608978
-0.41754063963890076
-0.07528980821371078
0.05093379691243172
-0.07554937154054642
0.011951049789786339
-0.059727560728788376
-2.1033167839050293
-0.2915968894958496
-0.4014992415904999
-0.09286904335021973
-0.18972915410995483
-0.024968940764665604
0.015936627984046936
-0.1463676542043686
0.30996572971343994
0.003651631763204932
-0.10687301307916641
-0.21538077294826508
