0.01809677667915821
-0.06626564264297485
-0.0065507544204592705
0.033563174307346344
-0.2038526087999344
0.05101776868104935
-0.04680333659052849
0.10575748234987259
0.006037460640072823
-0.46253445744514465
0.010078026913106441
0.12530122697353363
0.022922515869140625
0.04132261499762535
-0.16509795188903809
0.12614384293556213
-1.591892957687378
-0.6821288466453552
0.014228993095457554
0.06481766700744629
-1.17512047290802
0.04364591836929321
-0.08625336736440659
-0.03703923150897026
-0.08036930114030838
0.22562141716480255
-0.12471216917037964
-1.2021417617797852
0.005282066762447357
-1.291088342666626
-0.16618454456329346
-0.23350180685520172
-1.55315101146698
-0.9168543219566345
0.044280264526605606
-0.018198205158114433
-0.8855259418487549
-0.35279908776283264
-0.05717388167977333
-0.019573623314499855
-0.03972809389233589
-0.5054968595504761
-0.11648411303758621
-0.9692692756652832
0.12317364662885666
-1.2712218761444092
0.020520351827144623
-0.09526572376489639
