-0.023613708093762398
-0.027242716401815414
0.004567020572721958
0.033563174307346344
-0.03911060839891434
0.06914948672056198
-0.13600407540798187
0.1104065403342247
-0.08376821130514145
-0.06517892330884933
-0.011673208326101303
-0.03857523575425148
0.022922515869140625
-0.022633321583271027
-0.002826417563483119
0.21007178723812103
-0.8712302446365356
-0.8040692210197449
-0.015281517058610916
0.06481766700744629
-0.7124941349029541
0.03620743751525879
-0.09404128789901733
-0.10923414677381516
-0.0659467950463295
-0.10749687254428864
-0.23472480475902557
-0.8007377982139587
0.005282066762447357
-0.8536902666091919
0.06916018575429916
-0.20302386581897736
-0.8414722681045532
-0.7704107165336609
0.03129132464528084
-0.018198205158114433
-0.7619435787200928
0.09520693868398666
-0.11736134439706802
0.03387974575161934
0.06790407001972198
-0.06950308382511139
-0.09443977475166321
-0.8430544137954712
0.12317364662885666
-0.8079386949539185
0.0900723859667778
0.0048446995206177235
