-2.702434539794922
-0.42614904046058655
-0.34340161085128784
-0.0781182125210762
-1.3881930112838745
-0.22828532755374908
-0.19873864948749542
-0.08076181262731552
-0.051096703857183456
-0.03600737825036049
0.16098035871982574
0.024286506697535515
0.032270465046167374
-0.056742873042821884
0.027365176007151604
0.009868355467915535
-0.7873098254203796
-0.2512299120426178
-0.24111291766166687
-0.044221751391887665
-0.043630827218294144
-0.09738679975271225
0.1144135594367981
-0.0820707306265831
0.003128101583570242
-0.06671115756034851
0.061576928943395615
0.028943341225385666
-0.0017836811020970345
0.004001430701464415
-0.004056169651448727
-0.1404973268508911
-0.011863029561936855
0.0942482054233551
0.1461607962846756
0.010027590207755566
0.3655323386192322
-0.3132581412792206
-0.3045450448989868
-0.11788149923086166
0.13915561139583588
-0.06614906340837479
-0.028138097375631332
-0.006083602551370859
-1.3039227724075317
-0.2167193740606308
-0.36227336525917053
-0.07528980821371078
0.05093379691243172
-0.07554937154054642
0.011951049789786339
-0.059727560728788376
-2.5097439289093018
-0.1878829002380371
-0.313729465007782
-0.09286904335021973
-0.22859133780002594
0.11759138107299805
0.188211128115654
-0.1463676542043686
0.30996572971343994
0.003651631763204932
-0.10687301307916641
-0.21538077294826508
