-2.5882744789123535
-0.4776349365711212
-0.35930100083351135
-0.0781182125210762
-1.3660799264907837
-0.23991960287094116
-0.18719160556793213
-0.08076181262731552
-0.051117412745952606
-0.035949207842350006
0.16101926565170288
0.024286506697535515
0.032270465046167374
-0.056742873042821884
0.027365176007151604
0.009868355467915535
-0.8048722147941589
-0.05703691765666008
-0.1074710562825203
-0.044221751391887665
-0.04325023666024208
-0.10022995620965958
0.11088487505912781
-0.0820707306265831
0.003128101583570242
-0.06671115756034851
0.061576928943395615
0.028943341225385666
-0.0017836811020970345
0.004001430701464415
-0.004056169651448727
-0.1404973268508911
-0.011864005587995052
0.09426932781934738
0.14616914093494415
0.010027590207755566
0.21795980632305145
-0.3941796123981476
-0.37102964520454407
-0.11788149923086166
0.13915561139583588
-0.06614906340837479
-0.028138097375631332
-0.006083602551370859
-1.5093685388565063
-0.24094592034816742
-0.3478893041610718
-0.07528980821371078
0.05093379691243172
-0.07554937154054642
0.011951049789786339
-0.059727560728788376
-2.456958055496216
-0.25327154994010925
-0.3423956036567688
-0.09286904335021973
-0.23716770112514496
0.11700250208377838
0.1848914474248886
-0.1463676542043686
0.30996572971343994
0.003651631763204932
-0.10687301307916641
-0.21538077294826508
