-2.6474881172180176
-0.43545809388160706
-0.3536550998687744
-0.0781182125210762
-1.4793874025344849
-0.2469807267189026
-0.21602898836135864
-0.08076181262731552
-0.05108743906021118
-0.03603341430425644
0.16096292436122894
0.024286506697535515
0.032270465046167374
-0.056742873042821884
0.027365176007151604
0.009868355467915535
-0.601870059967041
-0.4164506793022156
-0.3988446593284607
-0.044221751391887665
-0.34708505868911743
-0.16291968524456024
0.030707843601703644
-0.0820707306265831
0.003128101583570242
-0.06671115756034851
0.061576928943395615
0.028943341225385666
-0.0017836811020970345
0.004001430701464415
-0.004056169651448727
-0.1404973268508911
-0.011862150393426418
0.09422917664051056
0.14615321159362793
0.010027590207755566
0.4073072075843811
-0.40184831619262695
-0.4076941907405853
-0.11788149923086166
0.13915561139583588
-0.06614906340837479
-0.028138097375631332
-0.006083602551370859
-1.2026091814041138
-0.19274812936782837
-0.3373256325721741
-0.07528980821371078
0.05093379691243172
-0.07554937154054642
0.011951049789786339
-0.059727560728788376
-2.52217960357666
-0.1966702789068222
-0.32123449444770813
-0.09286904335021973
-0.39975282549858093
0.0324590802192688
0.10100997984409332
-0.1463676542043686
0.30996572971343994
0.003651631763204932
-0.10687301307916641
-0.21538077294826508
