-0.06614889204502106
-0.05890733003616333
-0.006387734320014715
0.033563174307346344
0.049215950071811676
-0.0034188423305749893
-0.04680333659052849
0.10575748234987259
0.006043835077434778
-0.3258002698421478
0.010078026913106441
0.17611995339393616
0.022922515869140625
-0.01972499117255211
-0.2396233230829239
0.12614384293556213
-1.494789958000183
-0.8492456674575806
0.014167611487209797
0.06481766700744629
-1.1922248601913452
-3.3535943657625467e-05
-0.08625336736440659
-0.03703923150897026
-0.08040289580821991
0.2919715940952301
-0.12471216917037964
-1.1332842111587524
0.005282066762447357
-1.2448348999023438
-0.17954885959625244
-0.23350180685520172
-1.460695505142212
-0.9266964793205261
0.044362425804138184
-0.018198205158114433
-0.8110296726226807
-0.0061998204328119755
-0.05717388167977333
-0.019573623314499855
-0.03973981365561485
-0.431816041469574
-0.11648411303758621
-1.2096054553985596
0.12317364662885666
-1.200018048286438
0.025958964601159096
-0.09526572376489639
