-0.04045618325471878
0.00040847237687557936
-0.006066013127565384
0.033563174307346344
0.09137705713510513
-0.019304165616631508
-0.04680333659052849
0.10575748234987259
0.17833326756954193
-0.34985896944999695
0.010078026913106441
-0.053508058190345764
0.022922515869140625
0.09869735687971115
-0.22261057794094086
0.12614384293556213
-1.4132976531982422
-0.8605823516845703
0.01404561661183834
0.06481766700744629
-0.8333768248558044
-0.01679963245987892
-0.08625336736440659
-0.03703923150897026
0.035722218453884125
0.24352021515369415
-0.12471216917037964
-0.9902309775352478
0.005282066762447357
-1.2117661237716675
-0.1163039356470108
-0.23350180685520172
-1.4240537881851196
-0.8007294535636902
0.044512465596199036
-0.018198205158114433
-0.9391922950744629
0.00037974611041136086
-0.05717388167977333
-0.019573623314499855
-0.025183219462633133
-0.3493201732635498
-0.11648411303758621
-1.136893630027771
0.12317364662885666
-1.2059475183486938
0.14172245562076569
-0.09526572376489639
