0.01377145852893591
-0.047184061259031296
-0.023863375186920166
0.033563174307346344
0.0533115491271019
-0.019269682466983795
-0.04680333659052849
0.10575748234987259
-0.00898809265345335
-0.06913053244352341
0.010078026913106441
-0.10416549444198608
0.022922515869140625
0.10894471406936646
-0.12744666635990143
0.12614384293556213
-1.3068523406982422
-1.0556907653808594
0.001035992056131363
0.06481766700744629
-0.909736156463623
-0.004590279888361692
-0.08625336736440659
-0.03703923150897026
0.0050777471624314785
0.19926637411117554
-0.12471216917037964
-1.1514068841934204
0.005282066762447357
-1.1832084655761719
-0.0933266207575798
-0.23350180685520172
-1.2581820487976074
-1.0552245378494263
0.03868889436125755
-0.018198205158114433
-0.8721738457679749
-0.023553548380732536
-0.05717388167977333
-0.019573623314499855
-0.03339313715696335
-0.2498723566532135
-0.11648411303758621
-1.2263317108154297
0.12317364662885666
-1.1635189056396484
0.0597209557890892
-0.09526572376489639
