-0.06955231726169586
-0.14284862577915192
-0.0066675059497356415
0.033563174307346344
-0.18686045706272125
0.04561018943786621
-0.04680333659052849
0.10575748234987259
0.006033733487129211
-0.4836273789405823
0.010078026913106441
0.11468962579965591
0.022922515869140625
0.10961834341287613
-0.21257996559143066
0.12614384293556213
-1.5774718523025513
-0.6924698352813721
0.014272734522819519
0.06481766700744629
-1.1507023572921753
0.03945491090416908
-0.08625336736440659
-0.03703923150897026
-0.08034849166870117
0.17668163776397705
-0.12471216917037964
-1.2628999948501587
0.005282066762447357
-1.2779966592788696
-0.24713964760303497
-0.23350180685520172
-1.6111141443252563
-0.8374186158180237
0.04422592744231224
-0.018198205158114433
-0.881072998046875
-0.34363651275634766
-0.05717388167977333
-0.019573623314499855
-0.03972087800502777
-0.5573686957359314
-0.11648411303758621
-0.9655961394309998
0.12317364662885666
-1.3154603242874146
0.051384225487709045
-0.09526572376489639
