-2.6724016666412354
-0.42149797081947327
-0.341494619846344
-0.0781182125210762
-1.3988587856292725
-0.24962067604064941
-0.22168129682540894
-0.08076181262731552
-0.05109315365552902
-0.03601735830307007
0.1609736829996109
0.024286506697535515
0.032270465046167374
-0.056742873042821884
0.027365176007151604
0.009868355467915535
-0.6071859002113342
-0.49781668186187744
-0.47352296113967896
-0.044221751391887665
-0.04419992119073868
-0.09681210666894913
0.11524692922830582
-0.0820707306265831
0.003128101583570242
-0.06671115756034851
0.061576928943395615
0.028943341225385666
-0.0017836811020970345
0.004001430701464415
-0.004056169651448727
-0.1404973268508911
-0.011862889863550663
0.09424512833356857
0.1461596041917801
0.010027590207755566
0.35225099325180054
-0.4196886122226715
-0.4147087335586548
-0.11788149923086166
0.13915561139583588
-0.06614906340837479
-0.028138097375631332
-0.006083602551370859
-1.298776626586914
-0.21037329733371735
-0.3577241003513336
-0.07528980821371078
0.05093379691243172
-0.07554937154054642
0.011951049789786339
-0.059727560728788376
-2.533540964126587
-0.18054135143756866
-0.30882886052131653
-0.09286904335021973
-0.21141338348388672
0.17848235368728638
0.2466600388288498
-0.1463676542043686
0.30996572971343994
0.003651631763204932
-0.10687301307916641
-0.21538077294826508
