0.03281371295452118
0.0581221841275692
0.027060450986027718
0.030587997287511826
-0.1347803920507431
-0.6271786689758301
0.16635198891162872
0.160914808511734
-0.0897357389330864
-0.10743524134159088
0.19339798390865326
0.07858167588710785
-0.7266663908958435
0.44875097274780273
-0.7292168736457825
-0.5268733501434326
-0.29670146107673645
0.4861335754394531
-0.625216543674469
-0.44253548979759216
0.260748028755188
0.5344306230545044
0.11215568333864212
-0.09501896798610687
-0.49532997608184814
0.29525110125541687
-0.483659952878952
-0.6611425876617432
-0.15228533744812012
-0.48969998955726624
0.10409122705459595
0.17449970543384552
0.10912232846021652
0.14894337952136993
0.36474981904029846
0.19856567680835724
-0.25140902400016785
-0.5503583550453186
0.20832368731498718
0.1515166312456131
0.052423108369112015
-0.0282947588711977
0.13751202821731567
0.1389213353395462
-0.03333751857280731
-0.09547971934080124
0.23153188824653625
0.046348221600055695
0.06900635361671448
0.03909238427877426
0.21207843720912933
0.15632005035877228
-0.18932950496673584
-0.5847645401954651
0.1483188420534134
0.06874906271696091
0.11188653856515884
-0.024757638573646545
0.34289953112602234
0.3124675452709198
-0.6989853382110596
0.37458813190460205
-0.8916889429092407
-0.7495352029800415
