0.08769042789936066
-0.0289052352309227
-0.10275548696517944
-0.041829388588666916
-0.008157345466315746
-0.037773918360471725
-0.0368831530213356
-0.04064635559916496
0.31642457842826843
-0.027929525822401047
-0.009520342573523521
0.14188343286514282
-0.10444342344999313
-0.04322468116879463
-0.04553135856986046
-0.049716249108314514
-0.05621173977851868
0.29121118783950806
0.1109301969408989
-0.6298459768295288
-0.6441943049430847
-0.4122633635997772
-0.597900927066803
0.23654121160507202
0.027573080733418465
0.2737502455711365
0.02709982357919216
0.14762425422668457
0.1522970050573349
0.2874254882335663
-0.2604324221611023
-0.6870091557502747
0.022832490503787994
0.32943910360336304
-0.04566221311688423
-0.6533954739570618
-0.6344322562217712
-0.34717050194740295
-0.6254374384880066
0.2749744951725006
-0.06826967746019363
0.31194910407066345
0.01100165955722332
0.07256074994802475
-0.21775786578655243
0.3315426707267761
0.1505928933620453
-0.7150058746337891
