-0.06423237174749374
0.1231268048286438
-0.003378018969669938
0.033563174307346344
0.035392723977565765
0.0139386635273695
-0.04680333659052849
0.10575748234987259
0.0327892079949379
0.1094261035323143
0.010078026913106441
-0.053039953112602234
0.022922515869140625
0.0062448917888104916
-0.1663132905960083
0.12614384293556213
-1.7590516805648804
-1.1367764472961426
-0.0210519190877676
0.06481766700744629
-1.5398056507110596
-0.006828981917351484
-0.08625336736440659
-0.03703923150897026
0.005624173209071159
-0.056931935250759125
-0.12471216917037964
-1.6434192657470703
0.005282066762447357
-1.7069283723831177
0.004615752026438713
-0.23350180685520172
-1.8330553770065308
-1.1196116209030151
0.04824691638350487
-0.018198205158114433
-1.5498934984207153
-0.012509173713624477
-0.05717388167977333
-0.019573623314499855
-0.012399130500853062
0.03666312247514725
-0.11648411303758621
-1.6874852180480957
0.12317364662885666
-1.6146572828292847
0.024051181972026825
-0.09526572376489639
