-2.0993473529815674
-0.37847083806991577
-0.28361615538597107
-0.0781182125210762
-1.7327158451080322
-0.24940849840641022
-0.20047177374362946
-0.08076181262731552
-0.12216096371412277
-0.05178973078727722
0.15939220786094666
0.024286506697535515
0.032270465046167374
-0.056742873042821884
0.027365176007151604
0.009868355467915535
-1.264972448348999
-0.08971548080444336
-0.11524228751659393
-0.044221751391887665
-0.033630695194005966
-0.01856156624853611
0.1832970827817917
-0.0820707306265831
-0.0023210630752146244
-0.07519465684890747
0.056632012128829956
0.028943341225385666
-0.0017836811020970345
0.004001430701464415
-0.004056169651448727
-0.1404973268508911
-0.05017001926898956
-0.06383967399597168
0.08419875800609589
0.010027590207755566
-0.013200783170759678
-0.059060852974653244
0.10806882381439209
-0.11788149923086166
0.13915561139583588
-0.06685887277126312
-0.028138097375631332
-0.006083602551370859
-1.72480046749115
-0.15224623680114746
-0.29139065742492676
-0.07528980821371078
0.05093379691243172
-0.07554937154054642
0.011951049789786339
-0.059727560728788376
-1.9941390752792358
-0.20104125142097473
-0.3021821677684784
-0.09286904335021973
-0.12793798744678497
0.16757917404174805
0.1823108196258545
-0.1463676542043686
0.30996572971343994
0.003651631763204932
-0.10687301307916641
-0.21538077294826508
