-2.3030190467834473
-0.3796471357345581
-0.27861419320106506
-0.0781182125210762
-1.5511547327041626
-0.16920410096645355
-0.12166924774646759
-0.08076181262731552
-0.0300347451120615
-0.10278134047985077
0.11194247752428055
0.024286506697535515
0.032270465046167374
-0.056742873042821884
0.027365176007151604
0.009868355467915535
-0.9811389446258545
-0.10856601595878601
-0.1165146753191948
-0.044221751391887665
-0.04473434388637543
-0.09370262175798416
0.12086968123912811
-0.0820707306265831
0.003128101583570242
-0.06671115756034851
0.061576928943395615
0.028943341225385666
-0.0017836811020970345
0.004001430701464415
-0.004056169651448727
-0.1404973268508911
-0.0060691386461257935
-0.07582559436559677
0.067428819835186
0.010027590207755566
-0.012374559417366982
-0.09202940762042999
0.047223981469869614
-0.11788149923086166
0.13915561139583588
-0.06614906340837479
-0.028138097375631332
-0.006083602551370859
-1.6905027627944946
-0.14939436316490173
-0.2798141837120056
-0.07528980821371078
0.05093379691243172
-0.07554937154054642
0.011951049789786339
-0.059727560728788376
-2.0845165252685547
-0.19515059888362885
-0.29146432876586914
-0.09286904335021973
-0.14402441680431366
0.08228927850723267
0.12851466238498688
-0.1463676542043686
0.30996572971343994
0.003651631763204932
-0.10687301307916641
-0.21538077294826508
