-2.2295892238616943
-0.3637155592441559
-0.25741976499557495
-0.0781182125210762
-1.641971230506897
-0.19596560299396515
-0.14679549634456635
-0.08076181262731552
-0.05790723115205765
-0.07136646658182144
0.13280940055847168
0.024286506697535515
0.032270465046167374
-0.056742873042821884
0.027365176007151604
0.009868355467915535
-1.0579787492752075
-0.08873343467712402
-0.10928843915462494
-0.044221751391887665
-0.05524338781833649
-0.07319425791501999
0.1347278654575348
-0.0820707306265831
0.003128101583570242
-0.06671115756034851
0.061576928943395615
0.028943341225385666
-0.0017836811020970345
0.004001430701464415
-0.004056169651448727
-0.1404973268508911
-0.015201382339000702
-0.07672356069087982
0.06648280471563339
0.010027590207755566
-0.024586545303463936
-0.08542980253696442
0.05131848156452179
-0.11788149923086166
0.13915561139583588
-0.06614906340837479
-0.028138097375631332
-0.006083602551370859
-1.6749584674835205
-0.16947288811206818
-0.30090320110321045
-0.07528980821371078
0.05093379691243172
-0.07554937154054642
0.011951049789786339
-0.059727560728788376
-2.021392822265625
-0.20109757781028748
-0.2939973473548889
-0.09286904335021973
-0.15877503156661987
0.10060997307300568
0.12248589843511581
-0.1463676542043686
0.30996572971343994
0.003651631763204932
-0.10687301307916641
-0.21538077294826508
