-2.8009955883026123
-0.33711114525794983
-0.25291135907173157
-0.0781182125210762
-1.521028995513916
-0.14533360302448273
-0.1086067333817482
-0.08076181262731552
0.01988113857805729
-0.05397651344537735
0.16130417585372925
0.024286506697535515
0.032270465046167374
-0.056742873042821884
0.027365176007151604
0.009868355467915535
-1.2377197742462158
-0.5847004055976868
-0.6854549646377563
-0.044221751391887665
-0.03842104598879814
-0.12315883487462997
0.09215392917394638
-0.0820707306265831
0.003128101583570242
-0.06671115756034851
0.061576928943395615
0.028943341225385666
-0.0017836811020970345
0.004001430701464415
-0.004056169651448727
-0.1404973268508911
-0.06325936317443848
-0.12471714615821838
0.018808716908097267
0.010027590207755566
-0.015002627857029438
-0.13503871858119965
-0.003348661819472909
-0.11788149923086166
0.13915561139583588
-0.06614906340837479
-0.028138097375631332
-0.006083602551370859
-1.9974037408828735
-0.162497878074646
-0.3071598410606384
-0.07528980821371078
0.05093379691243172
-0.07554937154054642
0.011951049789786339
-0.059727560728788376
-2.3588979244232178
-0.18375808000564575
-0.2865655720233917
-0.09286904335021973
-0.21783822774887085
0.10807137191295624
0.16772383451461792
-0.1463676542043686
0.30996572971343994
0.003651631763204932
-0.10687301307916641
-0.21538077294826508
