-1.9467700719833374
-0.3759961724281311
-0.2968759834766388
-0.0781182125210762
-1.6668694019317627
-0.2812691628932953
-0.2598419785499573
-0.08076181262731552
-0.12508007884025574
0.005313133355230093
0.18364398181438446
0.024286506697535515
0.032270465046167374
-0.056742873042821884
0.027365176007151604
0.009868355467915535
-1.3605619668960571
-0.14306926727294922
-0.17917227745056152
-0.044221751391887665
0.061501048505306244
0.07123526930809021
0.2515813112258911
-0.0820707306265831
0.03752073273062706
-0.010394852608442307
0.05849683657288551
0.028943341225385666
-0.0017836811020970345
0.004001430701464415
-0.004056169651448727
-0.1404973268508911
-0.05195257067680359
-0.02031157724559307
0.1078886166214943
0.010027590207755566
-0.07786808907985687
-0.02268533781170845
0.11789172142744064
-0.11788149923086166
0.1399025171995163
-0.0630587637424469
-0.02118142880499363
-0.006083602551370859
-1.6682586669921875
-0.1554906815290451
-0.31281888484954834
-0.07528980821371078
0.05093379691243172
-0.07554937154054642
0.011951049789786339
-0.059727560728788376
-1.8412586450576782
-0.2045721858739853
-0.3249255418777466
-0.09286904335021973
-0.03490010276436806
0.2731166481971741
0.259433388710022
-0.1463676542043686
0.32294589281082153
0.012887220829725266
-0.10088174045085907
-0.21538077294826508
