-1.4871046543121338
-0.5138360857963562
-0.4363795816898346
-0.0781182125210762
-1.4328447580337524
-0.41313204169273376
-0.42168810963630676
-0.08076181262731552
0.03594433516263962
0.22332733869552612
0.3546399772167206
0.024286506697535515
0.032270465046167374
-0.056742873042821884
0.027365176007151604
0.009868355467915535
-1.3381576538085938
-0.23265784978866577
-0.2660622000694275
-0.044221751391887665
0.2495928555727005
0.23536239564418793
0.38026300072669983
-0.0820707306265831
-0.051517948508262634
0.14830920100212097
0.08204369246959686
0.028943341225385666
0.07550690323114395
0.015400062315165997
0.015492180362343788
-0.1404973268508911
0.16202451288700104
0.1823825240135193
0.23933681845664978
0.010027590207755566
-0.09102684259414673
0.1829894483089447
0.2599773406982422
-0.11788149923086166
0.029677117243409157
0.11298756301403046
0.13111932575702667
-0.006083602551370859
-1.3264226913452148
-0.2478695809841156
-0.4140123724937439
-0.07528980821371078
0.05093379691243172
-0.07554937154054642
0.011951049789786339
-0.059727560728788376
-1.5163036584854126
-0.36296212673187256
-0.4749385714530945
-0.09286904335021973
0.09919118881225586
0.42932093143463135
0.3686729669570923
-0.1463676542043686
0.094370998442173
0.04894700646400452
-0.034647874534130096
-0.21538077294826508
