-0.008226130157709122
-0.08563141524791718
-0.003378018969669938
0.033563174307346344
0.16929994523525238
0.0139386635273695
-0.04680333659052849
0.10575748234987259
0.0327892079949379
0.1094261035323143
0.010078026913106441
-0.04547231271862984
0.022922515869140625
-0.001358991488814354
-0.15228408575057983
0.12614384293556213
-1.3803582191467285
-1.1226445436477661
-0.0210519190877676
0.06481766700744629
-0.9977462291717529
-0.006828981917351484
-0.08625336736440659
-0.03703923150897026
0.005624173209071159
-0.056931935250759125
-0.12471216917037964
-1.2768789529800415
0.005282066762447357
-1.3543187379837036
0.03109677881002426
-0.23350180685520172
-1.3530278205871582
-1.2922064065933228
0.04824691638350487
-0.018198205158114433
-0.9338727593421936
-0.012509173713624477
-0.05717388167977333
-0.019573623314499855
-0.012399130500853062
0.03666312247514725
-0.11648411303758621
-1.3606151342391968
0.12317364662885666
-1.3108470439910889
0.0068181161768734455
-0.09526572376489639
