-1.7666568756103516
-0.44172996282577515
-0.349884957075119
-0.0781182125210762
-1.7121000289916992
-0.29554691910743713
-0.29109421372413635
-0.08076181262731552
-0.05153428763151169
0.11165129393339157
0.26661765575408936
0.024286506697535515
0.032270465046167374
-0.056742873042821884
0.027365176007151604
0.009868355467915535
-1.3887182474136353
-0.18985478579998016
-0.20878350734710693
-0.044221751391887665
0.1633550077676773
0.155128613114357
0.32090896368026733
-0.0820707306265831
0.0031180265359580517
0.04700171574950218
0.027130497619509697
0.028943341225385666
-0.0017836811020970345
0.004001430701464415
-0.004056169651448727
-0.1404973268508911
0.034010086208581924
0.06989402323961258
0.16697731614112854
0.010027590207755566
-0.1424945741891861
0.056196149438619614
0.16111581027507782
-0.11788149923086166
0.1384490579366684
-0.04937692731618881
0.0025195572525262833
-0.006083602551370859
-1.5949456691741943
-0.18308237195014954
-0.3302476406097412
-0.07528980821371078
0.05093379691243172
-0.07554937154054642
0.011951049789786339
-0.059727560728788376
-1.7080246210098267
-0.270521342754364
-0.3750157952308655
-0.09286904335021973
0.04546894505620003
0.3578372895717621
0.3229111433029175
-0.1463676542043686
0.2611137330532074
-0.01408616453409195
-0.12667186558246613
-0.21538077294826508
