-1.7351012229919434
-0.4560141861438751
-0.3657350540161133
-0.0781182125210762
-1.5879590511322021
-0.32707110047340393
-0.3246506154537201
-0.08076181262731552
-0.023510439321398735
0.14226913452148438
0.2900063395500183
0.024286506697535515
0.032270465046167374
-0.056742873042821884
0.027365176007151604
0.009868355467915535
-1.4679961204528809
-0.16725575923919678
-0.18014107644557953
-0.044221751391887665
0.18766167759895325
0.17633819580078125
0.3354186415672302
-0.0820707306265831
0.00533076049759984
0.06910154223442078
0.030912168323993683
0.028943341225385666
-0.0017836776096373796
0.0040014320984482765
-0.004056167788803577
-0.1404973268508911
0.07224605232477188
0.09819691628217697
0.18348905444145203
0.010027590207755566
-0.13284319639205933
0.0865514874458313
0.1838558465242386
-0.11788149923086166
0.07286053895950317
-0.012741661630570889
0.03394070267677307
-0.006083602551370859
-1.5508018732070923
-0.1894901990890503
-0.3362593352794647
-0.07528980821371078
0.05093379691243172
-0.07554937154054642
0.011951049789786339
-0.059727560728788376
-1.720156192779541
-0.2930365800857544
-0.3951554298400879
-0.09286904335021973
0.06644786894321442
0.3787572979927063
0.33593422174453735
-0.1463676542043686
0.24871617555618286
-0.026673445478081703
-0.13212397694587708
-0.21538077294826508
