-0.04440256208181381
-0.03251577913761139
-0.003378018969669938
0.033563174307346344
0.13325411081314087
0.0139386635273695
-0.04680333659052849
0.10575748234987259
0.0327892079949379
0.1094261035323143
0.010078026913106441
-0.04577534645795822
0.022922515869140625
-0.05608774349093437
-0.15228408575057983
0.12614384293556213
-1.4563443660736084
-1.1981278657913208
-0.0210519190877676
0.06481766700744629
-1.0258214473724365
-0.006828981917351484
-0.08625336736440659
-0.03703923150897026
0.005624173209071159
-0.056931935250759125
-0.12471216917037964
-1.3324337005615234
0.005282066762447357
-1.3244166374206543
0.03109677881002426
-0.23350180685520172
-1.3725813627243042
-1.2797447443008423
0.04824691638350487
-0.018198205158114433
-1.1317027807235718
-0.012509173713624477
-0.05717388167977333
-0.019573623314499855
-0.012399130500853062
0.03666312247514725
-0.11648411303758621
-1.4040992259979248
0.12317364662885666
-1.4000840187072754
0.0068181161768734455
-0.09526572376489639
