-0.10835875570774078
-0.0722493901848793
-0.07848070561885834
0.033563174307346344
-0.08129358291625977
-0.03094322793185711
-0.04680333659052849
0.10575748234987259
-0.03534485772252083
-0.09604036062955856
0.010078026913106441
-0.03822534903883934
0.022922515869140625
-0.04627550393342972
-0.10281688719987869
0.12614384293556213
-1.1038886308670044
-1.0978271961212158
-0.08369259536266327
0.06481766700744629
-0.9985306262969971
-0.010131556540727615
-0.08625336736440659
-0.03703923150897026
-0.02635829709470272
-0.0748225599527359
-0.12471216917037964
-1.13364839553833
0.005282066762447357
-1.1541117429733276
-0.0033309084828943014
-0.23350180685520172
-1.2127405405044556
-0.9815471172332764
-0.04363138601183891
-0.018198205158114433
-0.9074546694755554
0.06518696993589401
-0.05717388167977333
-0.019573623314499855
-0.0018661182839423418
-0.02498847246170044
-0.11648411303758621
-1.0562047958374023
0.12317364662885666
-1.0914419889450073
0.09044163674116135
-0.09526572376489639
