-2.45713472366333
-0.37224280834198
-0.2905871272087097
-0.0781182125210762
-1.64363431930542
-0.1782853603363037
-0.15059728920459747
-0.08076181262731552
0.01988113857805729
-0.05397651344537735
0.16130417585372925
0.024286506697535515
0.032270465046167374
-0.056742873042821884
0.027365176007151604
0.009868355467915535
-1.022904872894287
-0.25050681829452515
-0.27431854605674744
-0.044221751391887665
-0.03842104598879814
-0.12315883487462997
0.09215392917394638
-0.0820707306265831
0.003128101583570242
-0.06671115756034851
0.061576928943395615
0.028943341225385666
-0.0017836811020970345
0.004001430701464415
-0.004056169651448727
-0.1404973268508911
-0.06325936317443848
-0.12471714615821838
0.018808716908097267
0.010027590207755566
-0.01508411020040512
-0.13512170314788818
-0.0034287055023014545
-0.11788149923086166
0.13915561139583588
-0.06614906340837479
-0.028138097375631332
-0.006083602551370859
-1.7977933883666992
-0.1539105474948883
-0.30068397521972656
-0.07528980821371078
0.05093379691243172
-0.07554937154054642
0.011951049789786339
-0.059727560728788376
-2.1888556480407715
-0.15554402768611908
-0.2704310417175293
-0.09286904335021973
-0.23350799083709717
0.046816386282444
0.10478147119283676
-0.1463676542043686
0.30996572971343994
0.003651631763204932
-0.10687301307916641
-0.21538077294826508
