-0.04164140671491623
-0.0584896057844162
-0.1283126175403595
0.033563174307346344
-0.05372205004096031
0.003992920275777578
-0.06486194580793381
0.10575748234987259
-0.04363101348280907
-0.07469814270734787
0.0538213886320591
-0.03672080487012863
0.022922515869140625
-0.1063109040260315
-0.043411023914813995
0.12614384293556213
-1.1050448417663574
-1.0109106302261353
-0.042127639055252075
0.06481766700744629
-0.9613581299781799
-0.016452396288514137
-0.0987318679690361
-0.03703923150897026
-0.0477987676858902
-0.0589626282453537
-0.14788459241390228
-1.0801219940185547
0.005282066762447357
-0.9982104897499084
0.00626711081713438
-0.23350180685520172
-1.0473018884658813
-0.9187698364257812
-0.03795931860804558
-0.018198205158114433
-0.8719632029533386
0.11446992307901382
-0.06756240874528885
-0.019573623314499855
-0.005950429942458868
-0.041563235223293304
-0.13240434229373932
-0.9897918105125427
0.12317364662885666
-1.0922245979309082
0.12321718037128448
-0.09526572376489639
