-1.8965741395950317
-0.39444294571876526
-0.3043181896209717
-0.0781182125210762
-1.6947276592254639
-0.29770058393478394
-0.273822546005249
-0.08076181262731552
-0.0937655046582222
0.037306204438209534
0.21062558889389038
0.024286506697535515
0.032270465046167374
-0.056742873042821884
0.027365176007151604
0.009868355467915535
-1.3320244550704956
-0.13850656151771545
-0.16560696065425873
-0.044221751391887665
0.1092681735754013
0.09895288944244385
0.2752463221549988
-0.0820707306265831
0.045698247849941254
0.00687465351074934
0.04473094642162323
0.028943341225385666
-0.0017836811020970345
0.004001430701464415
-0.004056169651448727
-0.1404973268508911
-0.02192516066133976
0.0018376739462837577
0.1233462542295456
0.010027590207755566
-0.10048318654298782
-0.010862893424928188
0.1227678433060646
-0.11788149923086166
0.1399025171995163
-0.06252872198820114
-0.018066607415676117
-0.006083602551370859
-1.612605094909668
-0.16659381985664368
-0.3148944079875946
-0.07528980821371078
0.05093379691243172
-0.07554937154054642
0.011951049789786339
-0.059727560728788376
-1.7569029331207275
-0.24233229458332062
-0.3522907495498657
-0.09286904335021973
0.006191104184836149
0.30004018545150757
0.2812061905860901
-0.1463676542043686
0.30316898226737976
0.026203207671642303
-0.09901763498783112
-0.21538077294826508
