-0.024189990013837814
-0.03161720186471939
-0.0769779309630394
0.033563174307346344
-0.07491602003574371
-0.053811658173799515
-0.04680333659052849
0.10575748234987259
-0.01429988257586956
-0.07954724878072739
0.010078026913106441
-0.04335414618253708
0.022922515869140625
-0.027970369905233383
-0.15879972279071808
0.12614384293556213
-1.2321518659591675
-1.1116485595703125
0.05035717412829399
0.06481766700744629
-0.9757788181304932
-0.02514783851802349
-0.08625336736440659
-0.03703923150897026
0.023930219933390617
-0.023208387196063995
-0.12471216917037964
-1.0471876859664917
0.005282066762447357
-1.2004815340042114
-0.06298238784074783
-0.23350180685520172
-1.1871188879013062
-1.0492693185806274
0.00254148175008595
-0.018198205158114433
-0.9392383694648743
0.013673204928636551
-0.05717388167977333
-0.019573623314499855
-0.012529690749943256
-0.06678808480501175
-0.11648411303758621
-1.2376049757003784
0.12317364662885666
-1.1420016288757324
0.052450817078351974
-0.09526572376489639
