-0.045191239565610886
0.03200502321124077
-0.003378018969669938
0.033563174307346344
0.08252286165952682
0.0139386635273695
-0.04680333659052849
0.10575748234987259
0.0327892079949379
0.1094261035323143
0.010078026913106441
-0.026334134861826897
0.022922515869140625
0.0017556007951498032
-0.15228408575057983
0.12614384293556213
-1.7346972227096558
-1.1666427850723267
-0.0210519190877676
0.06481766700744629
-1.4413822889328003
-0.006828981917351484
-0.08625336736440659
-0.03703923150897026
0.005624173209071159
-0.056931935250759125
-0.12471216917037964
-1.5231329202651978
0.005282066762447357
-1.622178316116333
0.03109677881002426
-0.23350180685520172
-1.690446138381958
-1.2991297245025635
0.04824691638350487
-0.018198205158114433
-1.485310673713684
-0.012509173713624477
-0.05717388167977333
-0.019573623314499855
-0.012399130500853062
0.03666312247514725
-0.11648411303758621
-1.6725468635559082
0.12317364662885666
-1.5536342859268188
0.0068181161768734455
-0.09526572376489639
