-0.06038835272192955
-0.05481026694178581
-0.003378018969669938
0.033563174307346344
0.16675929725170135
0.0139386635273695
-0.04680333659052849
0.10575748234987259
0.0327892079949379
0.1094261035323143
0.010078026913106441
-0.016849223524332047
0.022922515869140625
-0.08415710180997849
-0.15228408575057983
0.12614384293556213
-1.3691445589065552
-1.199414610862732
-0.0210519190877676
0.06481766700744629
-1.0545395612716675
-0.006828981917351484
-0.08625336736440659
-0.03703923150897026
0.005624173209071159
-0.056931935250759125
-0.12471216917037964
-1.4006727933883667
0.005282066762447357
-1.2520778179168701
0.03109677881002426
-0.23350180685520172
-1.4359358549118042
-1.264777421951294
0.04824691638350487
-0.018198205158114433
-0.9980829954147339
-0.012509173713624477
-0.05717388167977333
-0.019573623314499855
-0.012399130500853062
0.03666312247514725
-0.11648411303758621
-1.2799674272537231
0.12317364662885666
-1.4113942384719849
0.0068181161768734455
-0.09526572376489639
