-0.008313493803143501
-0.12027246505022049
-0.003378018969669938
0.033563174307346344
0.10505374521017075
0.0139386635273695
-0.04680333659052849
0.10575748234987259
0.0327892079949379
0.1094261035323143
0.010078026913106441
-0.0704735517501831
0.022922515869140625
-0.035151802003383636
-0.15228408575057983
0.12614384293556213
-1.6319448947906494
-1.2738089561462402
-0.0210519190877676
0.06481766700744629
-1.3724814653396606
-0.006828981917351484
-0.08625336736440659
-0.03703923150897026
0.005624173209071159
-0.056931935250759125
-0.12471216917037964
-1.4547815322875977
0.005282066762447357
-1.4772944450378418
0.03109677881002426
-0.23350180685520172
-1.6248153448104858
-1.3589518070220947
0.04824691638350487
-0.018198205158114433
-1.35208261013031
-0.012509173713624477
-0.05717388167977333
-0.019573623314499855
-0.012399130500853062
0.03666312247514725
-0.11648411303758621
-1.6301788091659546
0.12317364662885666
-1.6069252490997314
0.0068181161768734455
-0.09526572376489639
