-2.045466661453247
-0.3671792447566986
-0.28253334760665894
-0.0781182125210762
-1.699662208557129
-0.2476903796195984
-0.21381926536560059
-0.08076181262731552
-0.13001368939876556
-0.04720276594161987
0.14785800874233246
0.024286506697535515
0.032270465046167374
-0.056742873042821884
0.027365176007151604
0.009868355467915535
-1.3299305438995361
-0.09321049600839615
-0.12483084201812744
-0.044221751391887665
-0.0014738416066393256
0.012732657603919506
0.20517516136169434
-0.0820707306265831
0.008294694125652313
-0.08091109246015549
0.0473313182592392
0.028943341225385666
-0.0017836811020970345
0.004001430701464415
-0.004056169651448727
-0.1404973268508911
-0.0545593686401844
-0.0475316159427166
0.0930866077542305
0.010027590207755566
-0.014535240828990936
-0.05298984423279762
0.10224568843841553
-0.11788149923086166
0.13915561139583588
-0.06696149706840515
-0.028111664578318596
-0.006083602551370859
-1.718475580215454
-0.1482657790184021
-0.29970112442970276
-0.07528980821371078
0.05093379691243172
-0.07554937154054642
0.011951049789786339
-0.059727560728788376
-1.936814546585083
-0.1963735967874527
-0.3123888373374939
-0.09286904335021973
-0.09411780536174774
0.20550139248371124
0.20829732716083527
-0.1463676542043686
0.30996572971343994
0.003651631763204932
-0.10687301307916641
-0.21538077294826508
