-0.03459981083869934
-0.02374211698770523
-0.05134965479373932
0.033563174307346344
-0.013344604521989822
0.05079293251037598
-0.11579848825931549
0.10575748234987259
-0.05588076636195183
-0.0971137210726738
0.04035522788763046
-0.01042462419718504
0.022922515869140625
-0.05003691092133522
0.0020029109437018633
0.19394882023334503
-1.0278104543685913
-0.9179220199584961
-0.06572481989860535
0.06481766700744629
-0.8759527802467346
-0.011208061128854752
-0.09570509940385818
-0.03703923150897026
-0.07138355821371078
-0.06404697149991989
-0.12422657757997513
-0.9688812494277954
0.005282066762447357
-0.9186410307884216
0.017855122685432434
-0.30399632453918457
-0.9545742869377136
-0.8778269290924072
0.016322553157806396
-0.018198205158114433
-0.832772970199585
0.10415279120206833
-0.07481846213340759
-0.019573623314499855
0.017407003790140152
-0.01350248884409666
-0.11189622431993484
-0.9248977899551392
0.12317364662885666
-1.0027445554733276
0.10627204924821854
-0.0006604146910831332
