-2.120859146118164
-0.3762379288673401
-0.28490087389945984
-0.0781182125210762
-1.6911653280258179
-0.2163202166557312
-0.17957599461078644
-0.08076181262731552
-0.08838918805122375
-0.05470185726881027
0.163950115442276
0.024286506697535515
0.032270465046167374
-0.056742873042821884
0.027365176007151604
0.009868355467915535
-1.1503750085830688
-0.08747225254774094
-0.11602211743593216
-0.044221751391887665
-0.0424349270761013
-0.03832507133483887
0.1652970016002655
-0.0820707306265831
0.0031692543998360634
-0.07467340677976608
0.059073545038700104
0.028943341225385666
-0.0017836811020970345
0.004001430701464415
-0.004056169651448727
-0.1404973268508911
-0.029859619215130806
-0.06230393052101135
0.08790504932403564
0.010027590207755566
0.0024556138087064028
-0.08768343180418015
0.08875728398561478
-0.11788149923086166
0.13915561139583588
-0.06685887277126312
-0.028138097375631332
-0.006083602551370859
-1.7158979177474976
-0.14519701898097992
-0.28771576285362244
-0.07528980821371078
0.05093379691243172
-0.07554937154054642
0.011951049789786339
-0.059727560728788376
-2.0083553791046143
-0.1975799798965454
-0.30328163504600525
-0.09286904335021973
-0.13813161849975586
0.1390146166086197
0.15789638459682465
-0.1463676542043686
0.30996572971343994
0.003651631763204932
-0.10687301307916641
-0.21538077294826508
