0.007900809869170189
-0.10847557336091995
-0.003378018969669938
0.033563174307346344
0.16983148455619812
0.0139386635273695
-0.04680333659052849
0.10575748234987259
0.0327892079949379
0.1094261035323143
0.010078026913106441
-0.03935820609331131
0.022922515869140625
-0.05130334943532944
-0.15228408575057983
0.12614384293556213
-1.3935539722442627
-1.1156078577041626
-0.0210519190877676
0.06481766700744629
-0.9579216837882996
-0.006828981917351484
-0.08625336736440659
-0.03703923150897026
0.005624173209071159
-0.056931935250759125
-0.12471216917037964
-1.2075769901275635
0.005282066762447357
-1.336289405822754
0.03109677881002426
-0.23350180685520172
-1.2911601066589355
-1.247218370437622
0.04824691638350487
-0.018198205158114433
-0.9839974045753479
-0.012509173713624477
-0.05717388167977333
-0.019573623314499855
-0.012399130500853062
0.03666312247514725
-0.11648411303758621
-1.3553037643432617
0.12317364662885666
-1.268826961517334
0.0068181161768734455
-0.09526572376489639
