-1.9654570817947388
-0.3714051842689514
-0.2927520275115967
-0.0781182125210762
-1.611533522605896
-0.26972123980522156
-0.24079380929470062
-0.08076181262731552
-0.14589174091815948
-0.03841550275683403
0.14900200068950653
0.024286506697535515
0.032270465046167374
-0.056742873042821884
0.027365176007151604
0.009868355467915535
-1.3027950525283813
-0.10879774391651154
-0.1438787430524826
-0.044221751391887665
0.03999926522374153
0.042450614273548126
0.22920019924640656
-0.0820707306265831
0.03509817272424698
-0.057957522571086884
0.05102916434407234
0.028943341225385666
-0.0017836811020970345
0.004001430701464415
-0.004056169651448727
-0.1404973268508911
-0.06556279957294464
-0.04574568197131157
0.09018334001302719
0.010027590207755566
-0.04767588526010513
-0.0397321991622448
0.10967050492763519
-0.11788149923086166
0.1399025171995163
-0.06433216482400894
-0.023369979113340378
-0.006083602551370859
-1.6159989833831787
-0.15745575726032257
-0.3148074150085449
-0.07528980821371078
0.05093379691243172
-0.07554937154054642
0.011951049789786339
-0.059727560728788376
-1.8532358407974243
-0.19867390394210815
-0.32160666584968567
-0.09286904335021973
-0.061743296682834625
0.2356351763010025
0.23039764165878296
-0.1463676542043686
0.30996572971343994
0.0034286901354789734
-0.10709775239229202
-0.21538077294826508
