-0.021117884665727615
-0.0863945260643959
-0.11649329960346222
0.033563174307346344
-0.03500544652342796
-0.019453762099146843
-0.07195384055376053
0.10575748234987259
-0.04710807278752327
-0.09131249040365219
0.01174269337207079
-0.028026161715388298
0.022922515869140625
-0.030840016901493073
-0.07041923701763153
0.12614384293556213
-1.0774214267730713
-0.9618703722953796
-0.07926991581916809
0.06481766700744629
-0.9691157937049866
-0.004388763103634119
-0.11641760170459747
-0.03703923150897026
-0.03165794909000397
-0.08924206346273422
-0.12489192932844162
-1.0771676301956177
0.005282066762447357
-1.1035786867141724
0.02102605067193508
-0.23350180685520172
-1.137569785118103
-1.0194817781448364
-0.024044863879680634
-0.018198205158114433
-0.8998875617980957
0.09453342109918594
-0.05870060250163078
-0.019573623314499855
-0.009425935335457325
-0.041211117058992386
-0.1305205225944519
-1.0370103120803833
0.12317364662885666
-1.0531973838806152
0.10535142570734024
-0.09526572376489639
