-0.007119385059922934
-0.054728634655475616
-0.003378018969669938
0.033563174307346344
0.058255791664123535
0.0139386635273695
-0.04680333659052849
0.10575748234987259
0.0327892079949379
0.1094261035323143
0.010078026913106441
-0.0029141767881810665
0.022922515869140625
-0.015173833817243576
-0.15228408575057983
0.12614384293556213
-1.673168659210205
-1.2531527280807495
-0.0210519190877676
0.06481766700744629
-1.4241310358047485
-0.006828981917351484
-0.08625336736440659
-0.03703923150897026
0.005624173209071159
-0.056931935250759125
-0.12471216917037964
-1.5846045017242432
0.005282066762447357
-1.5432064533233643
0.03109677881002426
-0.23350180685520172
-1.6375483274459839
-1.3071032762527466
0.04824691638350487
-0.018198205158114433
-1.4265588521957397
-0.012509173713624477
-0.05717388167977333
-0.019573623314499855
-0.012399130500853062
0.03666312247514725
-0.11648411303758621
-1.5508122444152832
0.12317364662885666
-1.5698398351669312
0.0068181161768734455
-0.09526572376489639
