-0.023350007832050323
-0.08070909976959229
-0.06736675649881363
0.033563174307346344
-0.03949066251516342
0.03583691269159317
-0.104440838098526
0.10575748234987259
-0.04902200028300285
-0.08244331181049347
0.035423316061496735
-0.07887902110815048
0.022922515869140625
-0.023924078792333603
-0.008278366178274155
0.22245614230632782
-1.0425318479537964
-0.891312837600708
-0.05651417747139931
0.06481766700744629
-0.8143935203552246
0.0014916338259354234
-0.11855217814445496
-0.03703923150897026
-0.05753539875149727
-0.06471847742795944
-0.11982488632202148
-0.9648699760437012
0.005282066762447357
-1.0095059871673584
0.03445672243833542
-0.30914655327796936
-1.0012571811676025
-0.9710679650306702
-0.01587899960577488
-0.018198205158114433
-0.9353569746017456
0.08498167991638184
-0.07686002552509308
-0.019573623314499855
-0.002552678808569908
-0.022544169798493385
-0.11758892238140106
-0.9991351962089539
0.12317364662885666
-0.9707985520362854
0.08130531758069992
-0.016022780910134315
