-1.1257891654968262
-0.5626524090766907
-0.4789748191833496
-0.0781182125210762
-1.1206426620483398
-0.4713656008243561
-0.47559091448783875
-0.08076181262731552
0.07157673686742783
0.2673870921134949
0.3916380703449249
0.024286506697535515
0.032270465046167374
-0.056742873042821884
0.027365176007151604
0.009868355467915535
-1.021841049194336
-0.3139340877532959
-0.3387593924999237
-0.044221751391887665
0.2837104797363281
0.2696220576763153
0.40727606415748596
-0.0820707306265831
-0.056241948157548904
0.18339547514915466
0.11065606027841568
0.028943341225385666
0.03302748128771782
0.004801278933882713
0.007235734723508358
-0.1404973268508911
0.23387672007083893
0.22743645310401917
0.2682536244392395
0.010027590207755566
-0.023753032088279724
0.24334096908569336
0.31403523683547974
-0.11788149923086166
0.042144447565078735
0.1812794804573059
0.18092213571071625
-0.006083602551370859
-0.9816457033157349
-0.3046424388885498
-0.46288928389549255
-0.07528980821371078
0.05093379691243172
-0.07554937154054642
0.011951049789786339
-0.059727560728788376
-1.1621403694152832
-0.4093853533267975
-0.5137847065925598
-0.09286904335021973
0.11905623227357864
0.45318663120269775
0.38383933901786804
-0.1463676542043686
0.019864758476614952
0.15948207676410675
0.07089845091104507
-0.21538077294826508
