-0.08741916716098785
-0.028431635349988937
-0.003378018969669938
0.033563174307346344
0.11148814857006073
0.0139386635273695
-0.04680333659052849
0.10575748234987259
0.0327892079949379
0.1094261035323143
0.010078026913106441
-0.01184394396841526
0.022922515869140625
-0.012669704854488373
-0.15228408575057983
0.12614384293556213
-1.4382044076919556
-1.251874566078186
-0.0210519190877676
0.06481766700744629
-1.1538385152816772
-0.006828981917351484
-0.08625336736440659
-0.03703923150897026
0.005624173209071159
-0.056931935250759125
-0.12471216917037964
-1.4191144704818726
0.005282066762447357
-1.4188027381896973
0.03109677881002426
-0.23350180685520172
-1.5588098764419556
-1.3257818222045898
0.04824691638350487
-0.018198205158114433
-1.2318390607833862
-0.012509173713624477
-0.05717388167977333
-0.019573623314499855
-0.012399130500853062
0.03666312247514725
-0.11648411303758621
-1.4491510391235352
0.12317364662885666
-1.447510004043579
0.0068181161768734455
-0.09526572376489639
