-1.6006782054901123
-0.4911324381828308
-0.41562002897262573
-0.0781182125210762
-1.5214461088180542
-0.3857267200946808
-0.39638057351112366
-0.08076181262731552
0.02065717801451683
0.19588491320610046
0.3318779766559601
0.024286506697535515
0.032270465046167374
-0.056742873042821884
0.027365176007151604
0.009868355467915535
-1.3361573219299316
-0.19776923954486847
-0.23257531225681305
-0.044221751391887665
0.2331072837114334
0.21499939262866974
0.364979088306427
-0.0820707306265831
-0.04211645945906639
0.11974483728408813
0.05514012277126312
0.028943341225385666
0.09192883968353271
-0.005005214363336563
-0.0067398641258478165
-0.1404973268508911
0.14419573545455933
0.15302179753780365
0.2183123528957367
0.010027590207755566
-0.10809709131717682
0.14719676971435547
0.22829781472682953
-0.11788149923086166
0.05027869716286659
0.06611795723438263
0.09497516602277756
-0.006083602551370859
-1.4223639965057373
-0.2281416654586792
-0.39450156688690186
-0.07528980821371078
0.05093379691243172
-0.07554937154054642
0.011951049789786339
-0.059727560728788376
-1.616585612297058
-0.34056195616722107
-0.45326974987983704
-0.09286904335021973
0.09262076765298843
0.41211163997650146
0.35662081837654114
-0.1463676542043686
0.1375124603509903
0.021549245342612267
-0.05783604830503464
-0.21538077294826508
