0.004397144075483084
-0.004585978575050831
-0.003378018969669938
0.033563174307346344
0.034103985875844955
0.0139386635273695
-0.04680333659052849
0.10575748234987259
0.0327892079949379
0.1094261035323143
0.010078026913106441
-0.0488884299993515
0.022922515869140625
-0.07813645154237747
-0.15228408575057983
0.12614384293556213
-1.474379539489746
-1.2812696695327759
-0.0210519190877676
0.06481766700744629
-1.00955331325531
-0.006828981917351484
-0.08625336736440659
-0.03703923150897026
0.005624173209071159
-0.056931935250759125
-0.12471216917037964
-1.3438423871994019
0.005282066762447357
-1.3215970993041992
0.03109677881002426
-0.23350180685520172
-1.3886613845825195
-1.209263801574707
0.04824691638350487
-0.018198205158114433
-1.1088114976882935
-0.012509173713624477
-0.05717388167977333
-0.019573623314499855
-0.012399130500853062
0.03666312247514725
-0.11648411303758621
-1.4269155263900757
0.12317364662885666
-1.4420630931854248
0.0068181161768734455
-0.09526572376489639
