-0.0024872426874935627
-0.02284178137779236
0.04346541315317154
0.033563174307346344
0.012640233151614666
0.08495740592479706
-0.154347762465477
0.07030853629112244
-0.12911516427993774
-0.03085240162909031
-0.06847712397575378
4.631234332919121e-05
0.022922515869140625
-0.010104801505804062
0.009536790661513805
0.05060652643442154
-0.709898829460144
-0.6473822593688965
0.019549885764718056
0.06481766700744629
-0.6189505457878113
0.0640094056725502
0.010426612570881844
-0.06524688750505447
-0.07276767492294312
-0.08468537032604218
-0.32224947214126587
-0.7203385233879089
0.005282066762447357
-0.6946240663528442
0.10216808319091797
-0.22329097986221313
-0.7449788451194763
-0.6864876747131348
0.0393298976123333
-0.018198205158114433
-0.6126337647438049
0.0941953957080841
-0.13246409595012665
0.013671093620359898
0.1068289652466774
-0.10592923313379288
-0.080839142203331
-0.6665527820587158
0.12317364662885666
-0.7200846672058105
0.09055006504058838
-0.03561372309923172
