-2.1292271614074707
-0.3708737790584564
-0.2771547734737396
-0.0781182125210762
-1.683817744255066
-0.1834447681903839
-0.14513587951660156
-0.08076181262731552
-0.0628853514790535
-0.06216360628604889
0.15026959776878357
0.024286506697535515
0.032270465046167374
-0.056742873042821884
0.027365176007151604
0.009868355467915535
-1.1116677522659302
-0.08539516478776932
-0.11618850380182266
-0.044221751391887665
-0.04939238727092743
-0.052231211215257645
0.153878852725029
-0.0820707306265831
0.003128101583570242
-0.06671115756034851
0.061576928943395615
0.028943341225385666
-0.0017836811020970345
0.004001430701464415
-0.004056169651448727
-0.1404973268508911
-0.019382081925868988
-0.06111348047852516
0.0869201272726059
0.010027590207755566
-0.0026571948546916246
-0.06514464318752289
0.09828377515077591
-0.11788149923086166
0.13915561139583588
-0.06614906340837479
-0.028138097375631332
-0.006083602551370859
-1.6860350370407104
-0.1491682231426239
-0.29181164503097534
-0.07528980821371078
0.05093379691243172
-0.07554937154054642
0.011951049789786339
-0.059727560728788376
-1.9978536367416382
-0.19217273592948914
-0.29508841037750244
-0.09286904335021973
-0.14573127031326294
0.12580107152462006
0.14767144620418549
-0.1463676542043686
0.30996572971343994
0.003651631763204932
-0.10687301307916641
-0.21538077294826508
