-0.056305110454559326
-0.07274244725704193
-0.003378018969669938
0.033563174307346344
0.18467779457569122
0.0139386635273695
-0.04680333659052849
0.10575748234987259
0.0327892079949379
0.11345835775136948
0.010078026913106441
-0.033541686832904816
0.022922515869140625
-0.1291971057653427
-0.21717500686645508
0.12614384293556213
-1.2737778425216675
-1.0922656059265137
-0.0210519190877676
0.06481766700744629
-0.8980588912963867
-0.006828981917351484
-0.08625336736440659
-0.03703923150897026
0.005624173209071159
-0.06127161160111427
-0.12471216917037964
-1.2634470462799072
0.005282066762447357
-1.2211891412734985
-0.0520629920065403
-0.23350180685520172
-1.330838918685913
-1.1862571239471436
0.04824691638350487
-0.018198205158114433
-0.8361826539039612
-0.012509173713624477
-0.05717388167977333
-0.019573623314499855
-0.012399130500853062
0.039591602981090546
-0.11648411303758621
-1.2006726264953613
0.12317364662885666
-1.286805510520935
0.07273687422275543
-0.09526572376489639
