-0.010186676867306232
-0.004431921988725662
0.04774538427591324
0.033563174307346344
-0.011292912065982819
0.07169243693351746
-0.02934814803302288
0.09991400688886642
-0.17175784707069397
-0.02388148382306099
0.021304098889231682
0.0001718597486615181
0.022922515869140625
-0.0069799539633095264
-0.008143384009599686
0.06285912543535233
-0.6038066744804382
-0.5464592576026917
0.08354280143976212
0.06481766700744629
-0.5036236643791199
0.12023009359836578
0.11327030509710312
0.026661435142159462
-0.02635841816663742
-0.014520763419568539
-0.3157266080379486
-0.5600053071975708
0.005282066762447357
-0.583806574344635
0.17097951471805573
-0.3236177861690521
-0.6103219985961914
-0.5420962572097778
0.07000341266393661
-0.018198205158114433
-0.48592978715896606
0.11471112072467804
-0.21230480074882507
-0.004848030395805836
0.1370619535446167
-0.10369754582643509
0.08412828296422958
-0.5753047466278076
0.12317364662885666
-0.5755839943885803
0.12483745813369751
0.11383813619613647
