-1.6908272504806519
-0.45203810930252075
-0.4029335379600525
-0.0781182125210762
-1.5697675943374634
-0.32670751214027405
-0.3653479814529419
-0.08076181262731552
0.0002754811430349946
0.17553873360157013
0.3081512153148651
0.024286506697535515
0.032270465046167374
-0.056742873042821884
0.027365176007151604
0.009868355467915535
-1.3585445880889893
-0.16581182181835175
-0.2257562130689621
-0.044221751391887665
0.2130572497844696
0.20147494971752167
0.3481103181838989
-0.0820707306265831
-0.016802355647087097
0.10358023643493652
0.044123876839876175
0.028943341225385666
0.07958155870437622
0.012081293389201164
0.011850198730826378
-0.1404973268508911
0.11095783859491348
0.13431158661842346
0.1982039511203766
0.010027590207755566
-0.12335795164108276
0.12340014427900314
0.2006416618824005
-0.11788149923086166
0.0619686022400856
0.03529169410467148
0.058454468846321106
-0.006083602551370859
-1.4572358131408691
-0.18907789885997772
-0.3802914023399353
-0.07528980821371078
0.05093379691243172
-0.07554937154054642
0.011951049789786339
-0.059727560728788376
-1.672372817993164
-0.2865196168422699
-0.4270816743373871
-0.09286904335021973
0.08026588708162308
0.4010069966316223
0.3437165319919586
-0.1463676542043686
0.19065025448799133
-0.02366502396762371
-0.10787976533174515
-0.21538077294826508
