-1.1816349029541016
-0.45140767097473145
-0.2724701464176178
-0.0781182125210762
-1.693395733833313
-0.7298279404640198
-0.5336068272590637
-0.08076181262731552
-0.0300347451120615
-0.10278134047985077
0.11194247752428055
0.024286506697535515
0.032270465046167374
-0.056742873042821884
0.027365176007151604
0.009868355467915535
-0.391712486743927
-0.11835930496454239
-0.13756634294986725
-0.044221751391887665
-0.07249864190816879
-0.1098906472325325
0.09798885881900787
-0.0820707306265831
0.003128101583570242
-0.06671115756034851
0.061576928943395615
0.028943341225385666
-0.0017836811020970345
0.004001430701464415
-0.004056169651448727
-0.1404973268508911
-0.0060691386461257935
-0.07582559436559677
0.067428819835186
0.010027590207755566
0.3332616686820984
0.11357645690441132
0.19363778829574585
-0.11788149923086166
0.13610726594924927
-0.28414052724838257
-0.25263023376464844
-0.006083602551370859
-1.8293348550796509
-0.5417397618293762
-0.5310104489326477
-0.07528980821371078
0.05093379691243172
-0.07554937154054642
0.011951049789786339
-0.059727560728788376
-1.8503053188323975
-0.5205751657485962
-0.4981585144996643
-0.09286904335021973
-0.14596973359584808
0.17590855062007904
0.3955710530281067
-0.1463676542043686
0.30996572971343994
0.003651631763204932
-0.10687301307916641
-0.21538077294826508
