-0.07794315367937088
-0.07138001918792725
-0.05394947528839111
0.033563174307346344
0.11565934121608734
-0.01963411271572113
-0.04680333659052849
0.10575748234987259
-0.011466257274150848
0.6750453114509583
0.009819257073104382
0.08024610579013824
0.022922515869140625
-0.3640691339969635
-0.17326250672340393
0.12614384293556213
-0.9234936237335205
-1.4561671018600464
0.029484935104846954
0.06481766700744629
-1.0351861715316772
-0.041194356977939606
-0.08625336736440659
-0.03703923150897026
0.021491488441824913
0.5021533966064453
0.1875225454568863
-1.2527180910110474
0.005282066762447357
-1.687579870223999
-0.09069952368736267
-0.23350180685520172
-1.524059772491455
-1.2936559915542603
-0.0001382915215799585
-0.018198205158114433
-0.9500402212142944
-0.04572039470076561
-0.05717388167977333
-0.019573623314499855
-0.009543233551084995
-0.5638114809989929
-0.22155816853046417
-1.265613317489624
0.12317364662885666
-1.824905514717102
0.19490322470664978
-0.09526572376489639
