-2.380873203277588
-0.3232789635658264
-0.22267867624759674
-0.0781182125210762
-1.501061201095581
-0.15645873546600342
-0.10815591365098953
-0.08076181262731552
-0.0300347451120615
-0.10278134047985077
0.11194247752428055
0.024286506697535515
0.032270465046167374
-0.056742873042821884
0.027365176007151604
0.009868355467915535
-0.7841579914093018
-0.23296603560447693
-0.24138274788856506
-0.044221751391887665
-0.1341695338487625
-0.13954827189445496
0.07213733345270157
-0.0820707306265831
0.003128101583570242
-0.06671115756034851
0.061576928943395615
0.028943341225385666
-0.0017836811020970345
0.004001430701464415
-0.004056169651448727
-0.1404973268508911
-0.0060691386461257935
-0.07582559436559677
0.067428819835186
0.010027590207755566
-0.024494532495737076
-0.12913930416107178
0.010522210039198399
-0.11788149923086166
0.13594935834407806
-0.20049813389778137
-0.16229248046875
-0.006083602551370859
-1.6522413492202759
-0.10130129754543304
-0.23191595077514648
-0.07528980821371078
0.05093379691243172
-0.07554937154054642
0.011951049789786339
-0.059727560728788376
-1.806254506111145
-0.13811522722244263
-0.23489029705524445
-0.09286904335021973
-0.20648126304149628
-0.006291564088314772
0.03960002586245537
-0.1463676542043686
0.30996572971343994
0.003651631763204932
-0.10687301307916641
-0.21538077294826508
