-0.05159668251872063
-0.10834004729986191
-0.05394947528839111
0.033563174307346344
-0.00949404202401638
0.014098705723881721
-0.04680333659052849
0.10575748234987259
-0.011466257274150848
-0.06063264235854149
0.010078026913106441
-0.060992531478405
0.022922515869140625
-0.025825422257184982
-0.13478544354438782
0.12614384293556213
-1.2854770421981812
-1.1864278316497803
0.029484935104846954
0.06481766700744629
-1.0769760608673096
0.019642991945147514
-0.08625336736440659
-0.03703923150897026
0.021491488441824913
-0.02245441824197769
-0.12471216917037964
-1.1598858833312988
0.005282066762447357
-1.2072662115097046
-0.0013679182156920433
-0.23350180685520172
-1.2579916715621948
-1.1489686965942383
-0.0001382915215799585
-0.018198205158114433
-0.9539884924888611
-0.03332151845097542
-0.05717388167977333
-0.019573623314499855
-0.009543233551084995
-0.062117915600538254
-0.11648411303758621
-1.2079037427902222
0.12317364662885666
-1.2969251871109009
0.03724557161331177
-0.09526572376489639
