-2.33841609954834
-0.3932778239250183
-0.2953697443008423
-0.0781182125210762
-1.430428385734558
-0.21192868053913116
-0.16548271477222443
-0.08076181262731552
-0.0300347451120615
-0.10278134047985077
0.11194247752428055
0.024286506697535515
0.032270465046167374
-0.056742873042821884
0.027365176007151604
0.009868355467915535
-0.7807026505470276
-0.16839486360549927
-0.18093785643577576
-0.044221751391887665
-0.11818017065525055
-0.16252587735652924
0.048144303262233734
-0.0820707306265831
0.003128101583570242
-0.06671115756034851
0.061576928943395615
0.028943341225385666
-0.0017836811020970345
0.004001430701464415
-0.004056169651448727
-0.1404973268508911
-0.0060691386461257935
-0.07582559436559677
0.067428819835186
0.010027590207755566
0.1413511335849762
-0.14523209631443024
-0.006080987397581339
-0.11788149923086166
0.2552081048488617
-0.1342320591211319
-0.09746916592121124
-0.006083602551370859
-1.4548147916793823
-0.1302567571401596
-0.262746661901474
-0.07528980821371078
0.05093379691243172
-0.07554937154054642
0.011951049789786339
-0.059727560728788376
-1.7927517890930176
-0.19224238395690918
-0.29247310757637024
-0.09286904335021973
-0.20430094003677368
-0.005468656774610281
0.04006537050008774
-0.1463676542043686
0.30996572971343994
0.003651631763204932
-0.10687301307916641
-0.21538077294826508
