-0.11474872380495071
0.04744291678071022
-0.05394947528839111
0.033563174307346344
0.135049507021904
-0.018041376024484634
-0.04680333659052849
0.10575748234987259
-0.011466257274150848
0.8007041215896606
0.010815655812621117
0.015622020699083805
0.022922515869140625
-0.3363161087036133
-0.3671717047691345
0.12614384293556213
-1.017314076423645
-1.4694304466247559
0.029484935104846954
0.06481766700744629
-1.3337559700012207
-0.041382841765880585
-0.08625336736440659
-0.03703923150897026
0.021491488441824913
0.5840591192245483
0.1941247284412384
-1.1624432802200317
0.005282066762447357
-1.6614034175872803
-0.25354596972465515
-0.23350180685520172
-1.3967270851135254
-1.4352900981903076
-0.0001382915215799585
-0.018198205158114433
-0.9517215490341187
-0.04914667457342148
-0.05717388167977333
-0.019573623314499855
-0.009543233551084995
-0.7126398086547852
-0.2262459397315979
-1.2606207132339478
0.12317364662885666
-1.5872071981430054
0.3589564561843872
-0.09526572376489639
