-0.17270922660827637
0.1182384118437767
-0.05394947528839111
0.033563174307346344
0.1119607537984848
-0.016348693519830704
-0.04680333659052849
0.10575748234987259
-0.011466257274150848
0.8277254700660706
0.011287761852145195
-0.07913286983966827
0.022922515869140625
-0.3400718569755554
-0.034426137804985046
0.12614384293556213
-0.9885684251785278
-1.3967974185943604
0.029484935104846954
0.06481766700744629
-1.006382703781128
-0.04158664494752884
-0.08625336736440659
-0.03703923150897026
0.021491488441824913
0.5926605463027954
0.19725452363491058
-1.2448508739471436
0.005282066762447357
-1.4470962285995483
0.08073318749666214
-0.23350180685520172
-1.367523193359375
-1.4015227556228638
-0.0001382915215799585
-0.018198205158114433
-1.0435060262680054
-0.05167176574468613
-0.05717388167977333
-0.019573623314499855
-0.009543233551084995
-0.8148182034492493
-0.22846786677837372
-1.1471294164657593
0.12317364662885666
-1.5038503408432007
-0.1062532514333725
-0.09526572376489639
