0.09319198131561279
-0.006438429467380047
-0.05394947528839111
0.033563174307346344
0.015973413363099098
-0.009466015733778477
-0.04680333659052849
0.10575748234987259
-0.011466257274150848
0.21138420701026917
-0.08783628046512604
0.030741656199097633
0.022922515869140625
-0.06814618408679962
-0.05339398607611656
0.12614384293556213
-1.354706883430481
-1.1487934589385986
0.029484935104846954
0.06481766700744629
-1.0057426691055298
-0.03673307225108147
-0.08625336736440659
-0.03703923150897026
0.021491488441824913
-0.04250714182853699
0.19687004387378693
-1.3282835483551025
0.005282066762447357
-1.289554238319397
-0.03808502107858658
-0.23350180685520172
-1.3443187475204468
-1.0864983797073364
-0.0001382915215799585
-0.018198205158114433
-0.9230823516845703
-0.061601266264915466
-0.05717388167977333
-0.019573623314499855
-0.009543233551084995
-0.18922613561153412
-0.18545806407928467
-1.126234769821167
0.12317364662885666
-1.3574838638305664
-0.03821107745170593
-0.09526572376489639
