-0.18801283836364746
0.14078396558761597
0.8714371919631958
0.033563174307346344
0.14127710461616516
-0.022419283166527748
-0.04680333659052849
0.10575748234987259
-0.011466257274150848
0.5877498388290405
0.009815741330385208
-0.17919085919857025
0.022922515869140625
-0.3710024952888489
-0.04706891253590584
0.12614384293556213
-1.1757481098175049
-1.4634027481079102
-0.03184830769896507
0.06481766700744629
-0.9023357629776001
-0.04091309383511543
-0.08625336736440659
-0.03703923150897026
0.021491488441824913
0.3783191740512848
0.18749931454658508
-1.302120566368103
0.005282066762447357
-1.6101969480514526
-0.0410187765955925
-0.23350180685520172
-1.4039280414581299
-1.3581583499908447
0.02855668216943741
-0.018198205158114433
-0.9444113969802856
-0.040837451815605164
-0.05717388167977333
-0.019573623314499855
-0.009543233551084995
-0.4702150225639343
-0.2215416431427002
-1.3116984367370605
0.12317364662885666
-1.8014129400253296
0.05103515833616257
-0.09526572376489639
