-0.1407824605703354
0.14659498631954193
-0.05394947528839111
0.033563174307346344
0.05777694657444954
-0.014142553322017193
-0.04680333659052849
0.10575748234987259
-0.011466257274150848
0.4190792441368103
-0.14042450487613678
-0.1425480842590332
0.022922515869140625
-0.2825741469860077
-0.032138656824827194
0.12614384293556213
-1.1117699146270752
-1.1910173892974854
0.029484935104846954
0.06481766700744629
-0.9669004678726196
-0.04186376556754112
-0.08625336736440659
-0.03703923150897026
0.021491488441824913
0.2420036792755127
0.44411569833755493
-1.2086716890335083
0.005282066762447357
-1.2232860326766968
-0.021062759682536125
-0.23350180685520172
-1.4189530611038208
-1.1207382678985596
-0.0001382915215799585
-0.018198205158114433
-0.9832587242126465
-0.0560147687792778
-0.05717388167977333
-0.019573623314499855
-0.009543233551084995
-0.45367446541786194
-0.42113760113716125
-1.0282431840896606
0.12317364662885666
-1.3031256198883057
-0.03916049376130104
-0.09526572376489639
