-0.13803355395793915
0.04342673718929291
-0.05394947528839111
0.033563174307346344
0.10417738556861877
-0.016966160386800766
-0.04680333659052849
0.10575748234987259
-0.011466257274150848
0.7506240606307983
0.010817324742674828
0.09055233001708984
0.022922515869140625
-0.3359949290752411
-0.3397899270057678
0.12614384293556213
-1.018099308013916
-1.401850700378418
0.029484935104846954
0.06481766700744629
-1.0939221382141113
-0.041488632559776306
-0.08625336736440659
-0.03703923150897026
0.021491488441824913
0.537641167640686
0.19413574039936066
-1.1078100204467773
0.005282066762447357
-1.495743751525879
-0.07747552543878555
-0.23350180685520172
-1.4716355800628662
-1.3662923574447632
-0.0001382915215799585
-0.018198205158114433
-0.9697896838188171
-0.05052398517727852
-0.05717388167977333
-0.019573623314499855
-0.009543233551084995
-0.67715984582901
-0.2262537181377411
-1.1422722339630127
0.12317364662885666
-1.4396942853927612
0.1483730673789978
-0.09526572376489639
