-1.2816451787948608
-0.4292696714401245
-0.26310983300209045
-0.0781182125210762
-1.8844501972198486
-0.6344742774963379
-0.36045628786087036
-0.08076181262731552
-0.15704531967639923
-0.10667265951633453
0.12031271308660507
0.024286506697535515
0.032270465046167374
-0.056742873042821884
0.027365176007151604
0.009868355467915535
-0.3863019347190857
-0.05514901503920555
-0.025519641116261482
-0.044221751391887665
-0.055795326828956604
-0.09782148152589798
0.11315124481916428
-0.0820707306265831
0.003128101583570242
-0.06671115756034851
0.061576928943395615
0.028943341225385666
-0.0017836811020970345
0.004001430701464415
-0.004056169651448727
-0.1404973268508911
-0.0060691386461257935
-0.07582559436559677
0.067428819835186
0.010027590207755566
0.31456297636032104
0.15154218673706055
0.23473666608333588
-0.11788149923086166
0.13610811531543732
-0.28414052724838257
-0.25263023376464844
-0.006083602551370859
-1.9001108407974243
-0.4858276844024658
-0.4161262512207031
-0.07528980821371078
0.05093379691243172
-0.07554937154054642
0.011951049789786339
-0.059727560728788376
-1.850224256515503
-0.47840920090675354
-0.42918074131011963
-0.09286904335021973
-0.13879884779453278
0.1712360680103302
0.3805493712425232
-0.1463676542043686
0.30996572971343994
0.003651631763204932
-0.10687301307916641
-0.21538077294826508
