0.057843517512083054
-0.07818026840686798
-0.05394947528839111
0.033563174307346344
0.07052098214626312
-0.013770430348813534
-0.04680333659052849
0.10575748234987259
-0.011466257274150848
0.16574543714523315
-0.0711023136973381
-0.02523476630449295
0.022922515869140625
-0.04516476020216942
-0.0491127148270607
0.12614384293556213
-1.0884665250778198
-1.202921748161316
0.029484935104846954
0.06481766700744629
-1.0154297351837158
-0.04194271191954613
-0.08625336736440659
-0.03703923150897026
0.021491488441824913
-0.009452426806092262
0.24355922639369965
-1.309782862663269
0.005282066762447357
-1.2661492824554443
-0.03680321201682091
-0.23350180685520172
-1.3144896030426025
-1.1263834238052368
-0.0001382915215799585
-0.018198205158114433
-0.92734694480896
-0.05700301378965378
-0.05717388167977333
-0.019573623314499855
-0.009543233551084995
-0.1970592588186264
-0.26724836230278015
-1.125932216644287
0.12317364662885666
-1.3199162483215332
-0.03529498353600502
-0.09526572376489639
