-2.275351047515869
-0.3387543559074402
-0.2473612129688263
-0.0781182125210762
-1.4992260932922363
-0.1692580282688141
-0.12765976786613464
-0.08076181262731552
-0.0300347451120615
-0.10278134047985077
0.11194247752428055
0.024286506697535515
0.032270465046167374
-0.056742873042821884
0.027365176007151604
0.009868355467915535
-0.7345051169395447
-0.1335732340812683
-0.1163608729839325
-0.044221751391887665
-0.11465771496295929
-0.1586746722459793
0.051287803798913956
-0.0820707306265831
0.003128101583570242
-0.06671115756034851
0.061576928943395615
0.028943341225385666
-0.0017836811020970345
0.004001430701464415
-0.004056169651448727
-0.1404973268508911
-0.0060691386461257935
-0.07582559436559677
0.067428819835186
0.010027590207755566
0.20816026628017426
-0.1941388100385666
-0.05621415376663208
-0.11788149923086166
0.34667178988456726
-0.32979410886764526
-0.2958209216594696
-0.006083602551370859
-1.5217370986938477
-0.09000524133443832
-0.2269626408815384
-0.07528980821371078
0.05093379691243172
-0.07554937154054642
0.011951049789786339
-0.059727560728788376
-1.9221845865249634
-0.1717156618833542
-0.2781778872013092
-0.09286904335021973
-0.1943591982126236
-0.0010965943802148104
0.04401782155036926
-0.1463676542043686
0.30996572971343994
0.003651631763204932
-0.10687301307916641
-0.21538077294826508
