-1.2617498636245728
-0.44265633821487427
-0.2451757937669754
-0.0781182125210762
-1.7555326223373413
-0.6604976058006287
-0.4130741357803345
-0.08076181262731552
0.11099669337272644
0.025444991886615753
0.23144322633743286
0.024286506697535515
0.032270465046167374
-0.056742873042821884
0.027365176007151604
0.009868355467915535
-0.39989370107650757
-0.09028352051973343
-0.04373808205127716
-0.044221751391887665
-0.05701719596982002
-0.09847943484783173
0.11211692541837692
-0.0820707306265831
0.003128101583570242
-0.06671115756034851
0.061576928943395615
0.028943341225385666
-0.0017836811020970345
0.004001430701464415
-0.004056169651448727
-0.1404973268508911
-0.0060691386461257935
-0.07582559436559677
0.067428819835186
0.010027590207755566
0.3209109902381897
0.15138529241085052
0.23456807434558868
-0.11788149923086166
0.13610811531543732
-0.28414052724838257
-0.25263023376464844
-0.006083602551370859
-1.8658771514892578
-0.5288737416267395
-0.47410646080970764
-0.07528980821371078
0.05093379691243172
-0.07554937154054642
0.011951049789786339
-0.059727560728788376
-1.8499605655670166
-0.4677095413208008
-0.39147523045539856
-0.09286904335021973
-0.1386643350124359
0.17241773009300232
0.38335511088371277
-0.1463676542043686
0.30996572971343994
0.003651631763204932
-0.10687301307916641
-0.21538077294826508
