-0.18806132674217224
0.018498176708817482
0.8549812436103821
0.033563174307346344
0.14244826138019562
-0.022360730916261673
-0.04680333659052849
0.10575748234987259
-0.011466257274150848
0.587762176990509
0.009815741330385208
-0.14791682362556458
0.022922515869140625
-0.36604318022727966
-0.04701394960284233
0.12614384293556213
-1.0771288871765137
-1.4486422538757324
-0.02199855074286461
0.06481766700744629
-0.8949810862541199
-0.04092472046613693
-0.08625336736440659
-0.03703923150897026
0.021491488441824913
0.3783363103866577
0.18749931454658508
-1.2714606523513794
0.005282066762447357
-1.6218703985214233
-0.041001759469509125
-0.23350180685520172
-1.407936453819275
-1.3410123586654663
0.02608783170580864
-0.018198205158114433
-0.9426315426826477
-0.040959976613521576
-0.05717388167977333
-0.019573623314499855
-0.009543233551084995
-0.47022780776023865
-0.2215416431427002
-1.329103946685791
0.12317364662885666
-1.7898200750350952
0.05104054510593414
-0.09526572376489639
