-1.1776319742202759
-0.41981422901153564
-0.17791543900966644
-0.0781182125210762
-1.6978996992111206
-0.7344736456871033
-0.40487009286880493
-0.08076181262731552
0.0062637729570269585
-0.06873693317174911
0.1455688774585724
0.024286506697535515
0.032270465046167374
-0.056742873042821884
0.027365176007151604
0.009868355467915535
-0.4081622362136841
-0.09451866149902344
-0.091410331428051
-0.044221751391887665
-0.05841951444745064
-0.09929294884204865
0.11102008819580078
-0.0820707306265831
0.003128101583570242
-0.06671115756034851
0.061576928943395615
0.028943341225385666
-0.0017836811020970345
0.004001430701464415
-0.004056169651448727
-0.1404973268508911
-0.0060691386461257935
-0.07582559436559677
0.067428819835186
0.010027590207755566
0.3337184488773346
0.14981535077095032
0.23292997479438782
-0.11788149923086166
0.13610811531543732
-0.28414052724838257
-0.25263023376464844
-0.006083602551370859
-1.9654734134674072
-0.5699637532234192
-0.4255928099155426
-0.07528980821371078
0.05093379691243172
-0.07554937154054642
0.011951049789786339
-0.059727560728788376
-1.8499550819396973
-0.47623303532600403
-0.3273889720439911
-0.09286904335021973
-0.13931523263454437
0.17335262894630432
0.38554051518440247
-0.1463676542043686
0.30996572971343994
0.003651631763204932
-0.10687301307916641
-0.21538077294826508
