-2.2997426986694336
-0.4121740758419037
-0.31620514392852783
-0.0781182125210762
-1.5013329982757568
-0.25113731622695923
-0.20616406202316284
-0.08076181262731552
-0.0300347451120615
-0.10278134047985077
0.11194247752428055
0.024286506697535515
0.032270465046167374
-0.056742873042821884
0.027365176007151604
0.009868355467915535
-0.7527551054954529
-0.04898396506905556
-0.03761868551373482
-0.044221751391887665
-0.116378553211689
-0.16093842685222626
0.04944181069731712
-0.0820707306265831
0.003128101583570242
-0.06671115756034851
0.061576928943395615
0.028943341225385666
-0.0017836811020970345
0.004001430701464415
-0.004056169651448727
-0.1404973268508911
-0.0060691386461257935
-0.07582559436559677
0.067428819835186
0.010027590207755566
0.17840136587619781
-0.14197422564029694
-0.0031710558105260134
-0.11788149923086166
0.3206678628921509
-0.121657595038414
-0.08655916154384613
-0.006083602551370859
-1.5089795589447021
-0.15804611146450043
-0.2919926345348358
-0.07528980821371078
0.05093379691243172
-0.07554937154054642
0.011951049789786339
-0.059727560728788376
-1.9169436693191528
-0.2315414845943451
-0.3338708281517029
-0.09286904335021973
-0.19914285838603973
-0.0036999403964728117
0.0411500409245491
-0.1463676542043686
0.30996572971343994
0.003651631763204932
-0.10687301307916641
-0.21538077294826508
