-1.2672401666641235
-0.4235949218273163
-0.25117745995521545
-0.0781182125210762
-1.9750372171401978
-0.6140047907829285
-0.32332155108451843
-0.08076181262731552
-0.18816055357456207
-0.17483562231063843
0.025747666135430336
0.024286506697535515
0.032270465046167374
-0.056742873042821884
0.027365176007151604
0.009868355467915535
-0.42079710960388184
-0.06619051098823547
0.032742276787757874
-0.044221751391887665
-0.05334161967039108
-0.09669960290193558
0.13122794032096863
-0.0820707306265831
0.003128101583570242
-0.06671115756034851
0.061576928943395615
0.028943341225385666
-0.0017836811020970345
0.004001430701464415
-0.004056169651448727
-0.1404973268508911
-0.0060691386461257935
-0.07582559436559677
0.067428819835186
0.010027590207755566
0.3145606219768524
0.15609823167324066
0.239676371216774
-0.11788149923086166
0.13610811531543732
-0.28414052724838257
-0.25263023376464844
-0.006083602551370859
-1.7786502838134766
-0.4656527042388916
-0.37973541021347046
-0.07528980821371078
0.05093379691243172
-0.07554937154054642
0.011951049789786339
-0.059727560728788376
-1.8512402772903442
-0.47136634588241577
-0.4183981120586395
-0.09286904335021973
-0.1391322761774063
0.16843339800834656
0.37429895997047424
-0.1463676542043686
0.30996572971343994
0.003651631763204932
-0.10687301307916641
-0.21538077294826508
