-0.09810549765825272
-0.06486645340919495
-0.05394947528839111
0.033563174307346344
0.10777197778224945
-0.018784373998641968
-0.04680333659052849
0.10575748234987259
-0.011466257274150848
0.8534517884254456
0.010815655812621117
0.08400962501764297
0.022922515869140625
-0.29090580344200134
-0.2815169095993042
0.12614384293556213
-0.9907180666923523
-1.4172590970993042
0.029484935104846954
0.06481766700744629
-1.3174316883087158
-0.041322123259305954
-0.08625336736440659
-0.03703923150897026
0.021491488441824913
0.6458957195281982
0.1941247284412384
-1.223360538482666
0.005282066762447357
-1.6748793125152588
-0.11926984041929245
-0.23350180685520172
-1.3955541849136353
-1.288547396659851
-0.0001382915215799585
-0.018198205158114433
-1.0388256311416626
-0.04748506471514702
-0.05717388167977333
-0.019573623314499855
-0.009543233551084995
-0.7600755095481873
-0.2262459397315979
-1.2437161207199097
0.12317364662885666
-1.6626737117767334
0.2646262049674988
-0.09526572376489639
