-1.9117919206619263
-0.32071754336357117
-0.23251818120479584
-0.0781182125210762
-1.597036361694336
-0.16605770587921143
-0.12720359861850739
-0.08076181262731552
-0.0300347451120615
-0.10278134047985077
0.11194247752428055
0.024286506697535515
0.032270465046167374
-0.056742873042821884
0.027365176007151604
0.009868355467915535
-0.6726552248001099
-0.3232070207595825
-0.30959850549697876
-0.044221751391887665
-0.11139192432165146
-0.1548105627298355
0.0542755164206028
-0.0820707306265831
0.003128101583570242
-0.06671115756034851
0.061576928943395615
0.028943341225385666
-0.0017836811020970345
0.004001430701464415
-0.004056169651448727
-0.1404973268508911
-0.0060691386461257935
-0.07582559436559677
0.067428819835186
0.010027590207755566
0.013246497139334679
0.08844462037086487
0.22415213286876678
-0.11788149923086166
0.11527539044618607
-0.2800399363040924
-0.24807316064834595
-0.006083602551370859
-1.4273276329040527
-0.11754491925239563
-0.2579997181892395
-0.07528980821371078
0.05093379691243172
-0.07554937154054642
0.011951049789786339
-0.059727560728788376
-1.9602398872375488
-0.18275612592697144
-0.29299867153167725
-0.09286904335021973
-0.1859067976474762
0.010544514283537865
0.05555082857608795
-0.1463676542043686
0.30996572971343994
0.003651631763204932
-0.10687301307916641
-0.21538077294826508
