-0.10747817903757095
-0.024016134440898895
0.5734953284263611
0.033563174307346344
0.12096431106328964
-0.021688567474484444
-0.04680333659052849
0.10575748234987259
-0.011466257274150848
0.6202169060707092
0.009815741330385208
0.07815184444189072
0.022922515869140625
-0.25631290674209595
-0.0465523935854435
0.12614384293556213
-1.0307292938232422
-1.466478705406189
-0.07101425528526306
0.06481766700744629
-0.9356135129928589
-0.04097051918506622
-0.08625336736440659
-0.03703923150897026
0.021491488441824913
0.4225621819496155
0.18749931454658508
-1.2737793922424316
0.005282066762447357
-1.6399239301681519
-0.04086962714791298
-0.23350180685520172
-1.417590856552124
-1.3051364421844482
0.01837056502699852
-0.018198205158114433
-0.9378297924995422
-0.04179108515381813
-0.05717388167977333
-0.019573623314499855
-0.009543233551084995
-0.5031552314758301
-0.2215416431427002
-1.2908822298049927
0.12317364662885666
-1.8581572771072388
0.051087625324726105
-0.09526572376489639
