-0.026351407170295715
-0.0020250757224857807
-0.08402034640312195
0.033563174307346344
-0.08880336582660675
-0.029570845887064934
-0.04680333659052849
0.10575748234987259
-0.024315081536769867
-0.08087491244077682
0.010078026913106441
-0.08626968413591385
0.022922515869140625
0.0005855569615960121
-0.1512632668018341
0.12614384293556213
-1.227307915687561
-1.0647051334381104
-0.07402536273002625
0.06481766700744629
-0.9802460074424744
-0.012940160930156708
-0.08625336736440659
-0.03703923150897026
0.032828282564878464
-0.027598265558481216
-0.12471216917037964
-1.0330792665481567
0.005282066762447357
-1.1508500576019287
0.016233116388320923
-0.23350180685520172
-1.1446220874786377
-1.0480214357376099
0.0001456330792279914
-0.018198205158114433
-0.9157081842422485
0.0343843549489975
-0.05717388167977333
-0.019573623314499855
-0.007634952198714018
-0.055047813802957535
-0.11648411303758621
-1.2065095901489258
0.12317364662885666
-1.1350611448287964
0.03608907014131546
-0.09526572376489639
