-0.03861789405345917
-0.026453495025634766
-0.05573853850364685
0.033563174307346344
-0.07310693711042404
-0.04124625399708748
-0.04680333659052849
0.10575748234987259
-0.011831612326204777
-0.06325972825288773
0.010078026913106441
-0.02818382903933525
0.022922515869140625
-0.010750425979495049
-0.15068377554416656
0.12614384293556213
-1.1896557807922363
-1.1356383562088013
0.03113221749663353
0.06481766700744629
-0.9995056986808777
-0.03919444605708122
-0.08625336736440659
-0.03703923150897026
0.022077662870287895
-0.020574789494276047
-0.12471216917037964
-1.2010962963104248
0.005282066762447357
-1.1798685789108276
-0.07494758814573288
-0.23350180685520172
-1.2833629846572876
-1.0701618194580078
-0.0003823197912424803
-0.018198205158114433
-0.936654269695282
0.0075928885489702225
-0.05717388167977333
-0.019573623314499855
-0.009896470233798027
-0.0640566349029541
-0.11648411303758621
-1.139933705329895
0.12317364662885666
-1.209298014640808
0.025608906522393227
-0.09526572376489639
