-1.3025413751602173
-0.3996983468532562
-0.2469273954629898
-0.0781182125210762
-1.6797982454299927
-0.6495866775512695
-0.49702146649360657
-0.08076181262731552
-0.0300347451120615
-0.10278134047985077
0.11194247752428055
0.024286506697535515
0.032270465046167374
-0.056742873042821884
0.027365176007151604
0.009868355467915535
-0.4153245687484741
-0.1014181524515152
-0.11219967156648636
-0.044221751391887665
-0.09211566299200058
-0.12996044754981995
0.07778970152139664
-0.0820707306265831
0.003128101583570242
-0.06671115756034851
0.061576928943395615
0.028943341225385666
-0.0017836811020970345
0.004001430701464415
-0.004056169651448727
-0.1404973268508911
-0.0060691386461257935
-0.07582559436559677
0.067428819835186
0.010027590207755566
0.4352186620235443
0.11137299239635468
0.19276686012744904
-0.11788149923086166
0.1358555108308792
-0.28414052724838257
-0.25263023376464844
-0.006083602551370859
-1.6404019594192505
-0.4403281509876251
-0.4767015278339386
-0.07528980821371078
0.05093379691243172
-0.07554937154054642
0.011951049789786339
-0.059727560728788376
-1.8730013370513916
-0.458498477935791
-0.4765227437019348
-0.09286904335021973
-0.05261223390698433
0.2063944935798645
0.3143414258956909
-0.1463676542043686
0.30996572971343994
0.003651631763204932
-0.10687301307916641
-0.21538077294826508
