-0.09719625115394592
-0.07805082947015762
-0.05394947528839111
0.033563174307346344
0.13599134981632233
-0.02052786387503147
-0.04680333659052849
0.10575748234987259
-0.011466257274150848
0.6841638088226318
0.009815741330385208
0.12068463861942291
0.022922515869140625
-0.2636062800884247
-0.05062009394168854
0.12614384293556213
-0.9342775344848633
-1.4479501247406006
0.029484935104846954
0.06481766700744629
-0.9200107455253601
-0.041034035384655
-0.08625336736440659
-0.03703923150897026
0.021491488441824913
0.509911835193634
0.18749931454658508
-1.2399139404296875
0.005282066762447357
-1.683227300643921
-0.043460022658109665
-0.23350180685520172
-1.4419496059417725
-1.2991039752960205
-0.0001382915215799585
-0.018198205158114433
-0.9200699925422668
-0.04359685257077217
-0.05717388167977333
-0.019573623314499855
-0.009543233551084995
-0.567870020866394
-0.2215416431427002
-1.2875779867172241
0.12317364662885666
-1.822741150856018
0.05659905821084976
-0.09526572376489639
