-2.372755289077759
-0.3003796935081482
-0.19936060905456543
-0.0781182125210762
-1.4690581560134888
-0.08973871916532516
-0.04221043363213539
-0.08076181262731552
-0.0300347451120615
-0.10278134047985077
0.11194247752428055
0.024286506697535515
0.032270465046167374
-0.056742873042821884
0.027365176007151604
0.009868355467915535
-0.9811389446258545
-0.16427691280841827
-0.1722259819507599
-0.044221751391887665
-0.11374903470277786
-0.1627022922039032
0.051861707121133804
-0.0820707306265831
0.003128101583570242
-0.06671115756034851
0.061576928943395615
0.028943341225385666
-0.0017836811020970345
0.004001430701464415
-0.004056169651448727
-0.1404973268508911
-0.0060691386461257935
-0.07582559436559677
0.067428819835186
0.010027590207755566
-0.012374559417366982
-0.09202940762042999
0.047223981469869614
-0.11788149923086166
0.13915561139583588
-0.06614906340837479
-0.028138097375631332
-0.006083602551370859
-1.6504226922988892
-0.07049053907394409
-0.20088663697242737
-0.07528980821371078
0.05093379691243172
-0.07554937154054642
0.011951049789786339
-0.059727560728788376
-2.0293874740600586
-0.11592286825180054
-0.21220754086971283
-0.09286904335021973
-0.21305613219738007
0.013258516788482666
0.059482917189598083
-0.1463676542043686
0.30996572971343994
0.003651631763204932
-0.10687301307916641
-0.21538077294826508
