-0.15077023208141327
0.2892216444015503
-0.05394947528839111
0.033563174307346344
0.17132841050624847
-0.01462455652654171
-0.04680333659052849
0.10575748234987259
-0.011466257274150848
0.5542890429496765
-0.03646606579422951
-0.16353142261505127
0.022922515869140625
-0.28025951981544495
-0.03174617886543274
0.12614384293556213
-1.1519243717193604
-1.1679508686065674
0.029484935104846954
0.06481766700744629
-1.0686308145523071
-0.04182024300098419
-0.08625336736440659
-0.03703923150897026
0.021491488441824913
0.4338117837905884
0.2850077450275421
-1.1720020771026611
0.005282066762447357
-1.243538498878479
-0.02433093823492527
-0.23350180685520172
-1.376434087753296
-1.3102855682373047
-0.0001382915215799585
-0.018198205158114433
-1.0467499494552612
-0.05513010919094086
-0.05717388167977333
-0.019573623314499855
-0.009543233551084995
-0.5983572006225586
-0.30661264061927795
-1.0998793840408325
0.12317364662885666
-1.311856746673584
-0.036521147936582565
-0.09526572376489639
