-1.360543966293335
-0.4627816379070282
-0.3489674925804138
-0.0781182125210762
-1.6717115640640259
-0.5301330089569092
-0.4509084224700928
-0.08076181262731552
-0.0300347451120615
-0.10278134047985077
0.11194247752428055
0.024286506697535515
0.032270465046167374
-0.056742873042821884
0.027365176007151604
0.009868355467915535
-1.0860174894332886
0.06442322582006454
0.06208323687314987
-0.044221751391887665
-0.1007014736533165
-0.14058145880699158
0.06761738657951355
-0.0820707306265831
0.003128101583570242
-0.06671115756034851
0.061576928943395615
0.028943341225385666
-0.0017836811020970345
0.004001430701464415
-0.004056169651448727
-0.1404973268508911
-0.0060691386461257935
-0.07582559436559677
0.067428819835186
0.010027590207755566
0.3927578926086426
0.05895666405558586
0.15184833109378815
-0.11788149923086166
0.1358552724123001
-0.28414276242256165
-0.2526324689388275
-0.006083602551370859
-1.473365068435669
-0.430389404296875
-0.5323867201805115
-0.07528980821371078
0.05093379691243172
-0.07554937154054642
0.011951049789786339
-0.059727560728788376
-1.8816704750061035
-0.38928940892219543
-0.4802347719669342
-0.09286904335021973
-0.02669796533882618
0.18397077918052673
0.2269665002822876
-0.1463676542043686
0.30996572971343994
0.003651631763204932
-0.10687301307916641
-0.21538077294826508
