-1.889228343963623
-0.38875800371170044
-0.3026380240917206
-0.0781182125210762
-1.6838427782058716
-0.2942868769168854
-0.26427122950553894
-0.08076181262731552
-0.0300347451120615
-0.10278134047985077
0.11194247752428055
0.024286506697535515
0.032270465046167374
-0.056742873042821884
0.027365176007151604
0.009868355467915535
-0.5382804274559021
-0.2525167465209961
-0.24027763307094574
-0.044221751391887665
-0.10769444704055786
-0.14982272684574127
0.05874426290392876
-0.0820707306265831
0.003128101583570242
-0.06671115756034851
0.061576928943395615
0.028943341225385666
-0.0017836811020970345
0.004001430701464415
-0.004056169651448727
-0.1404973268508911
-0.0060691386461257935
-0.07582559436559677
0.067428819835186
0.010027590207755566
0.3889938294887543
-0.0774403065443039
0.038271624594926834
-0.11788149923086166
0.14362840354442596
-0.28588441014289856
-0.25420066714286804
-0.006083602551370859
-1.483373999595642
-0.22042638063430786
-0.3646695017814636
-0.07528980821371078
0.05093379691243172
-0.07554937154054642
0.011951049789786339
-0.059727560728788376
-1.9602731466293335
-0.24775490164756775
-0.3590899407863617
-0.09286904335021973
-0.1785764992237091
0.01790400594472885
0.06144990772008896
-0.1463676542043686
0.30996572971343994
0.003651631763204932
-0.10687301307916641
-0.21538077294826508
