-0.05427849665284157
-0.032282255589962006
-0.02858615852892399
0.033563174307346344
-0.05420631170272827
0.060988351702690125
-0.12910343706607819
0.10575748234987259
-0.06492127478122711
-0.08775071054697037
0.08458077162504196
-0.035765960812568665
0.022922515869140625
-0.031131593510508537
-0.006845271214842796
0.25005042552948
-0.9115226864814758
-0.9010290503501892
-0.04241074621677399
0.06481766700744629
-0.7109758853912354
0.022537218406796455
-0.08011430501937866
-0.03703923150897026
-0.06320692598819733
-0.10970569401979446
-0.15945401787757874
-0.9382084608078003
0.005282066762447357
-0.9408518671989441
0.051291387528181076
-0.2573072016239166
-0.9413345456123352
-0.8159562349319458
0.02674986608326435
-0.018198205158114433
-0.8756693005561829
0.08887065201997757
-0.08319152891635895
-0.019573623314499855
0.03906274959445
-0.028524011373519897
-0.08987327665090561
-0.8478168845176697
0.12317364662885666
-0.861000120639801
0.09061097353696823
0.050368666648864746
