-1.2657792568206787
-0.42390331625938416
-0.24986660480499268
-0.0781182125210762
-1.94735586643219
-0.6160136461257935
-0.32327979803085327
-0.08076181262731552
-0.23575040698051453
-0.24521780014038086
-0.026018569245934486
0.024286506697535515
0.032270465046167374
-0.056742873042821884
0.027365176007151604
0.009868355467915535
-0.4026947319507599
-0.04940251633524895
-0.04028785601258278
-0.044221751391887665
-0.0549493134021759
-0.09745419770479202
0.13310430943965912
-0.0820707306265831
0.003128101583570242
-0.06671115756034851
0.061576928943395615
0.028943341225385666
-0.0017836811020970345
0.004001430701464415
-0.004056169651448727
-0.1404973268508911
-0.0060691386461257935
-0.07582559436559677
0.067428819835186
0.010027590207755566
0.3145606219768524
0.15154318511486053
0.23473772406578064
-0.11788149923086166
0.13610811531543732
-0.28414052724838257
-0.25263023376464844
-0.006083602551370859
-1.827172875404358
-0.4708241820335388
-0.3830454349517822
-0.07528980821371078
0.05093379691243172
-0.07554937154054642
0.011951049789786339
-0.059727560728788376
-1.850864052772522
-0.4736952483654022
-0.4192068576812744
-0.09286904335021973
-0.13889619708061218
0.17046983540058136
0.37897422909736633
-0.1463676542043686
0.30996572971343994
0.003651631763204932
-0.10687301307916641
-0.21538077294826508
