-1.7238612174987793
-0.4366909861564636
-0.34789592027664185
-0.0781182125210762
-1.6685928106307983
-0.40067440271377563
-0.3659173846244812
-0.08076181262731552
-0.0300347451120615
-0.10278134047985077
0.11194247752428055
0.024286506697535515
0.032270465046167374
-0.056742873042821884
0.027365176007151604
0.009868355467915535
-0.7593748569488525
-0.04852719232439995
-0.044381383806467056
-0.044221751391887665
-0.10290468484163284
-0.14327479898929596
0.06504881381988525
-0.0820707306265831
0.003128101583570242
-0.06671115756034851
0.061576928943395615
0.028943341225385666
-0.0017836811020970345
0.004001430701464415
-0.004056169651448727
-0.1404973268508911
-0.0060691386461257935
-0.07582559436559677
0.067428819835186
0.010027590207755566
0.5345103740692139
-0.03720606490969658
0.05527987331151962
-0.11788149923086166
0.13577444851398468
-0.2842795252799988
-0.2527672350406647
-0.006083602551370859
-1.4732195138931274
-0.35444924235343933
-0.4933614432811737
-0.07528980821371078
0.05093379691243172
-0.07554937154054642
0.011951049789786339
-0.059727560728788376
-1.8857859373092651
-0.35017088055610657
-0.45761817693710327
-0.09286904335021973
-0.0695498138666153
0.13557970523834229
0.17887084186077118
-0.1463676542043686
0.30996572971343994
0.003651631763204932
-0.10687301307916641
-0.21538077294826508
