-1.3421483039855957
-0.38582950830459595
-0.23419514298439026
-0.0781182125210762
-1.7012709379196167
-0.5573814511299133
-0.40331146121025085
-0.08076181262731552
-0.0300347451120615
-0.10278134047985077
0.11194247752428055
0.024286506697535515
0.032270465046167374
-0.056742873042821884
0.027365176007151604
0.009868355467915535
-0.5895498394966125
0.006476784124970436
-0.004243807401508093
-0.044221751391887665
-0.09317182004451752
-0.13103599846363068
0.07692459225654602
-0.0820707306265831
0.003128101583570242
-0.06671115756034851
0.061576928943395615
0.028943341225385666
-0.0017836811020970345
0.004001430701464415
-0.004056169651448727
-0.1404973268508911
-0.0060691386461257935
-0.07582559436559677
0.067428819835186
0.010027590207755566
0.41802528500556946
0.05514112859964371
0.13618777692317963
-0.11788149923086166
0.1358555108308792
-0.28414052724838257
-0.25263023376464844
-0.006083602551370859
-1.4921404123306274
-0.3799090087413788
-0.4168478548526764
-0.07528980821371078
0.05093379691243172
-0.07554937154054642
0.011951049789786339
-0.059727560728788376
-1.874518632888794
-0.42135199904441833
-0.446144700050354
-0.09286904335021973
-0.20425386726856232
-0.005809541791677475
0.10494527965784073
-0.1463676542043686
0.30996572971343994
0.003651631763204932
-0.10687301307916641
-0.21538077294826508
