-0.04013250768184662
0.07047218084335327
-0.05394947528839111
0.033563174307346344
0.13614507019519806
-0.013951031491160393
-0.04680333659052849
0.10575748234987259
-0.011466257274150848
0.24232332408428192
-0.14031946659088135
-0.10415930300951004
0.022922515869140625
-0.23156635463237762
-0.055055055767297745
0.12614384293556213
-1.1221100091934204
-1.30051589012146
0.029484935104846954
0.06481766700744629
-0.9937793612480164
-0.041920922696590424
-0.08625336736440659
-0.03703923150897026
0.021491488441824913
0.07295092195272446
0.2686253786087036
-1.3467886447906494
0.005282066762447357
-1.2761529684066772
-0.04519848898053169
-0.23350180685520172
-1.3009978532791138
-1.2581994533538818
-0.0001382915215799585
-0.018198205158114433
-0.9239269495010376
-0.05668937414884567
-0.05717388167977333
-0.019573623314499855
-0.009543233551084995
-0.2629838287830353
-0.2221427857875824
-1.1768931150436401
0.12317364662885666
-1.3645758628845215
-0.03640929237008095
-0.09526572376489639
