-1.9849908351898193
-0.40173929929733276
-0.3118295669555664
-0.0781182125210762
-1.4362281560897827
-0.24770218133926392
-0.20733733475208282
-0.08076181262731552
-0.0300347451120615
-0.10278134047985077
0.11194247752428055
0.024286506697535515
0.032270465046167374
-0.056742873042821884
0.027365176007151604
0.009868355467915535
-0.7790741324424744
-0.16044166684150696
-0.1487085223197937
-0.044221751391887665
-0.1137240007519722
-0.15738914906978607
0.05222905054688454
-0.0820707306265831
0.003128101583570242
-0.06671115756034851
0.061576928943395615
0.028943341225385666
-0.0017836811020970345
0.004001430701464415
-0.004056169651448727
-0.1404973268508911
-0.0060691386461257935
-0.07582559436559677
0.067428819835186
0.010027590207755566
0.13904720544815063
-0.3333802819252014
-0.1970873773097992
-0.11788149923086166
0.27375471591949463
-0.30125436186790466
-0.26854589581489563
-0.006083602551370859
-1.5669429302215576
-0.1495925486087799
-0.287680983543396
-0.07528980821371078
0.05093379691243172
-0.07554937154054642
0.011951049789786339
-0.059727560728788376
-1.9221748113632202
-0.2341587245464325
-0.3423119783401489
-0.09286904335021973
-0.19176146388053894
0.005128567107021809
0.051348425447940826
-0.1463676542043686
0.30996572971343994
0.003651631763204932
-0.10687301307916641
-0.21538077294826508
