-0.024483848363161087
-0.007154590450227261
0.019995147362351418
0.033563174307346344
-0.029363753274083138
0.07478298246860504
-0.14131030440330505
0.051901958882808685
-0.09645848721265793
-0.05709369480609894
-0.044874392449855804
-0.009642103686928749
0.022922515869140625
-0.009803907945752144
0.003511057235300541
0.1431834101676941
-0.786267101764679
-0.7717411518096924
-0.0023681670427322388
0.06481766700744629
-0.681608259677887
0.045730847865343094
-0.06816878169775009
-0.09817883372306824
-0.06725918501615524
-0.10499895364046097
-0.2623276114463806
-0.8102846145629883
0.005282066762447357
-0.8174726366996765
0.08250117301940918
-0.1703479290008545
-0.8438502550125122
-0.7358297109603882
0.032447535544633865
-0.018198205158114433
-0.7214988470077515
0.09470795094966888
-0.13636048138141632
0.023363325744867325
0.080960214138031
-0.0915345773100853
-0.10258689522743225
-0.7620111703872681
0.12317364662885666
-0.7729000449180603
0.0880684182047844
0.004856162704527378
