-0.1017964780330658
0.1640092432498932
-0.05394947528839111
0.033563174307346344
0.03500765189528465
-0.014064681716263294
-0.04680333659052849
0.10575748234987259
-0.011466257274150848
0.4119163751602173
-0.13373951613903046
-0.10475486516952515
0.022922515869140625
-0.2853463888168335
-0.03570627421140671
0.12614384293556213
-1.0309412479400635
-1.1963653564453125
0.029484935104846954
0.06481766700744629
-1.0102739334106445
-0.04189102351665497
-0.08625336736440659
-0.03703923150897026
0.021491488441824913
0.23370879888534546
0.3681383728981018
-1.264626145362854
0.005282066762447357
-1.2109363079071045
-0.015564964152872562
-0.23350180685520172
-1.4380117654800415
-1.1238768100738525
-0.0001382915215799585
-0.018198205158114433
-0.9430692195892334
-0.056393448263406754
-0.05717388167977333
-0.019573623314499855
-0.009543233551084995
-0.43824487924575806
-0.3331790864467621
-1.1770498752593994
0.12317364662885666
-1.3115870952606201
-0.045632604509592056
-0.09526572376489639
