-0.12723593413829803
0.11571845412254333
-0.05394947528839111
0.033563174307346344
0.029740946367383003
-0.015957746654748917
-0.04680333659052849
0.10575748234987259
-0.011466257274150848
0.6991562843322754
0.011137672699987888
-0.08147077262401581
0.022922515869140625
-0.3147156834602356
-0.012923757545650005
0.12614384293556213
-1.1275053024291992
-1.3697329759597778
0.029484935104846954
0.06481766700744629
-0.9259606003761292
-0.04168081283569336
-0.08625336736440659
-0.03703923150897026
0.021491488441824913
0.4761238396167755
0.19803111255168915
-1.2376741170883179
0.005282066762447357
-1.416634202003479
-0.05965038388967514
-0.23350180685520172
-1.3702462911605835
-1.3799402713775635
-0.0001382915215799585
-0.018198205158114433
-1.0031652450561523
-0.05247277021408081
-0.05717388167977333
-0.019573623314499855
-0.009543233551084995
-0.6817865371704102
-0.2290748953819275
-1.1322892904281616
0.12317364662885666
-1.51396906375885
-0.002504084026440978
-0.09526572376489639
