0.004203190095722675
-0.11645819246768951
-0.05394947528839111
0.033563174307346344
0.14623962342739105
0.06078717112541199
-0.04680333659052849
0.10575748234987259
-0.011466257274150848
0.13244089484214783
-0.18448972702026367
-0.021139608696103096
0.022922515869140625
-0.004654639400541782
-0.05743679031729698
0.12614384293556213
-1.3523025512695312
-1.2282284498214722
0.029484935104846954
0.06481766700744629
-1.008063554763794
0.11361415684223175
-0.08625336736440659
-0.03703923150897026
0.021491488441824913
-0.011517427861690521
0.07084663212299347
-1.266615867614746
0.005282066762447357
-1.2928400039672852
-0.03399188816547394
-0.23350180685520172
-1.3584727048873901
-1.1570870876312256
-0.0001382915215799585
-0.018198205158114433
-0.9880609512329102
-0.1162949725985527
-0.05717388167977333
-0.019573623314499855
-0.009543233551084995
-0.07510565221309662
-0.13436280190944672
-1.1326690912246704
0.12317364662885666
-1.3627673387527466
-0.04211549833416939
-0.09526572376489639
