-1.9148720502853394
-0.429810106754303
-0.34502243995666504
-0.0781182125210762
-1.4224159717559814
-0.2881162762641907
-0.2519720494747162
-0.08076181262731552
-0.0300347451120615
-0.10278134047985077
0.11194247752428055
0.024286506697535515
0.032270465046167374
-0.056742873042821884
0.027365176007151604
0.009868355467915535
-0.7695872187614441
-0.2781921327114105
-0.25955966114997864
-0.044221751391887665
-0.11208391189575195
-0.15546637773513794
0.05377589538693428
-0.0820707306265831
0.003128101583570242
-0.06671115756034851
0.061576928943395615
0.028943341225385666
-0.0017836811020970345
0.004001430701464415
-0.004056169651448727
-0.1404973268508911
-0.0060691386461257935
-0.07582559436559677
0.067428819835186
0.010027590207755566
-0.05523766577243805
-0.0765012726187706
0.058879610151052475
-0.11788149923086166
0.23307612538337708
-0.324418306350708
-0.2928416132926941
-0.006083602551370859
-1.5030869245529175
-0.20191198587417603
-0.34538155794143677
-0.07528980821371078
0.05093379691243172
-0.07554937154054642
0.011951049789786339
-0.059727560728788376
-1.957207441329956
-0.2743207514286041
-0.3882030248641968
-0.09286904335021973
-0.18756380677223206
0.009112043306231499
0.05443422868847847
-0.1463676542043686
0.30996572971343994
0.003651631763204932
-0.10687301307916641
-0.21538077294826508
