-0.11536438018083572
0.24597278237342834
-0.05394947528839111
0.033563174307346344
0.18516026437282562
-0.01535902637988329
-0.04680333659052849
0.10575748234987259
-0.011466257274150848
0.6072018146514893
-0.01596992462873459
-0.11835209280252457
0.022922515869140625
-0.31285417079925537
-0.013947348110377789
0.12614384293556213
-1.1288179159164429
-1.2605774402618408
0.029484935104846954
0.06481766700744629
-1.044503927230835
-0.04173563793301582
-0.08625336736440659
-0.03703923150897026
0.021491488441824913
0.7151557207107544
0.24309536814689636
-1.2454066276550293
0.005282066762447357
-1.3237173557281494
-0.03611094504594803
-0.23350180685520172
-1.321881651878357
-1.3571767807006836
-0.0001382915215799585
-0.018198205158114433
-0.9818302989006042
-0.05365017056465149
-0.05717388167977333
-0.019573623314499855
-0.009543233551084995
-0.6817822456359863
-0.29476603865623474
-1.0911757946014404
0.12317364662885666
-1.4201682806015015
-0.015416880138218403
-0.09526572376489639
