-1.8796592950820923
-0.41750648617744446
-0.3299453854560852
-0.0781182125210762
-1.5334330797195435
-0.3095071017742157
-0.2769756317138672
-0.08076181262731552
-0.0300347451120615
-0.10278134047985077
0.11194247752428055
0.024286506697535515
0.032270465046167374
-0.056742873042821884
0.027365176007151604
0.009868355467915535
-0.6757999658584595
-0.1404503732919693
-0.13119567930698395
-0.044221751391887665
-0.10522034764289856
-0.14623378217220306
0.06217977777123451
-0.0820707306265831
0.003128101583570242
-0.06671115756034851
0.061576928943395615
0.028943341225385666
-0.0017836811020970345
0.004001430701464415
-0.004056169651448727
-0.1404973268508911
-0.0060691386461257935
-0.07582559436559677
0.067428819835186
0.010027590207755566
0.5001022815704346
0.03021731972694397
0.12465416640043259
-0.11788149923086166
0.1357039213180542
-0.2842980623245239
-0.25278395414352417
-0.006083602551370859
-1.544250249862671
-0.2690366208553314
-0.41032490134239197
-0.07528980821371078
0.05093379691243172
-0.07554937154054642
0.011951049789786339
-0.059727560728788376
-1.9949212074279785
-0.28761470317840576
-0.39700227975845337
-0.09286904335021973
-0.1659628450870514
0.027703672647476196
0.07255280762910843
-0.1463676542043686
0.30996572971343994
0.003651631763204932
-0.10687301307916641
-0.21538077294826508
