-0.19515663385391235
0.11124683171510696
0.8756704926490784
0.033563174307346344
0.1269627809524536
-0.022386979311704636
-0.04680333659052849
0.10575748234987259
-0.011466257274150848
0.5877498388290405
0.009815741330385208
-0.18923719227313995
0.022922515869140625
-0.3771478831768036
-0.047020427882671356
0.12614384293556213
-1.1381313800811768
-1.3995680809020996
-0.028851743787527084
0.06481766700744629
-0.890169084072113
-0.04091956093907356
-0.08625336736440659
-0.03703923150897026
0.021491488441824913
0.3783191740512848
0.18749931454658508
-1.2488044500350952
0.005282066762447357
-1.619330883026123
-0.0410117469727993
-0.23350180685520172
-1.4044604301452637
-1.3546085357666016
0.032381460070610046
-0.018198205158114433
-0.9560115337371826
-0.04087453708052635
-0.05717388167977333
-0.019573623314499855
-0.009543233551084995
-0.4702150225639343
-0.2215416431427002
-1.2731380462646484
0.12317364662885666
-1.8812161684036255
0.05104026570916176
-0.09526572376489639
