-0.013108840212225914
0.1491624265909195
-0.003378018969669938
0.033563174307346344
0.003901101415976882
0.0139386635273695
-0.04680333659052849
0.10575748234987259
0.0327892079949379
0.1094261035323143
0.010078026913106441
-0.05298219621181488
0.022922515869140625
-0.015515012666583061
-0.15228408575057983
0.12614384293556213
-1.7449344396591187
-1.2190978527069092
-0.0210519190877676
0.06481766700744629
-1.5309289693832397
-0.006828981917351484
-0.08625336736440659
-0.03703923150897026
0.005624173209071159
-0.056931935250759125
-0.12471216917037964
-1.6791752576828003
0.005282066762447357
-1.6346454620361328
0.03109677881002426
-0.23350180685520172
-1.770575761795044
-1.0267592668533325
0.04824691638350487
-0.018198205158114433
-1.5843429565429688
-0.012509173713624477
-0.05717388167977333
-0.019573623314499855
-0.012399130500853062
0.03666312247514725
-0.11648411303758621
-1.6390483379364014
0.12317364662885666
-1.6261793375015259
0.0068181161768734455
-0.09526572376489639
