-2.2620835304260254
-0.36172449588775635
-0.26383036375045776
-0.0781182125210762
-1.6452339887619019
-0.17874130606651306
-0.1395489126443863
-0.08076181262731552
-0.0382080003619194
-0.1078706830739975
0.10664251446723938
0.024286506697535515
0.032270465046167374
-0.056742873042821884
0.027365176007151604
0.009868355467915535
-1.0655063390731812
-0.09911360591650009
-0.11823983490467072
-0.044221751391887665
-0.05587500333786011
-0.08677160739898682
0.12384781986474991
-0.0820707306265831
0.003128101583570242
-0.06671115756034851
0.061576928943395615
0.028943341225385666
-0.0017836811020970345
0.004001430701464415
-0.004056169651448727
-0.1404973268508911
-0.0060583436861634254
-0.0757109746336937
0.06751404702663422
0.010027590207755566
-0.01893547922372818
-0.0897485762834549
0.051001813262701035
-0.11788149923086166
0.13915561139583588
-0.06614906340837479
-0.028138097375631332
-0.006083602551370859
-1.6613843441009521
-0.16941571235656738
-0.306780070066452
-0.07528980821371078
0.05093379691243172
-0.07554937154054642
0.011951049789786339
-0.059727560728788376
-2.0709388256073
-0.18785037100315094
-0.2893780767917633
-0.09286904335021973
-0.15790614485740662
0.09707392007112503
0.13393263518810272
-0.1463676542043686
0.30996572971343994
0.003651631763204932
-0.10687301307916641
-0.21538077294826508
