-1.7713054418563843
-0.4147269129753113
-0.3367500603199005
-0.0781182125210762
-1.6904516220092773
-0.29878589510917664
-0.29367876052856445
-0.08076181262731552
-0.06591567397117615
0.07615715265274048
0.2378634810447693
0.024286506697535515
0.032270465046167374
-0.056742873042821884
0.027365176007151604
0.009868355467915535
-1.3452489376068115
-0.13915596902370453
-0.17127752304077148
-0.044221751391887665
0.14157061278820038
0.12789632380008698
0.2969629168510437
-0.0820707306265831
0.032315801829099655
0.009546158835291862
0.011409000493586063
0.028943341225385666
-0.0017836811020970345
0.004001430701464415
-0.004056169651448727
-0.1404973268508911
0.008999227546155453
0.03392268344759941
0.14085455238819122
0.010027590207755566
-0.11322939395904541
0.02628539875149727
0.14284540712833405
-0.11788149923086166
0.15002571046352386
-0.05794549360871315
-0.011786941438913345
-0.006083602551370859
-1.5932786464691162
-0.17495790123939514
-0.331070214509964
-0.07528980821371078
0.05093379691243172
-0.07554937154054642
0.011951049789786339
-0.059727560728788376
-1.710281491279602
-0.24750284850597382
-0.36477258801460266
-0.09286904335021973
0.03501109778881073
0.3312397599220276
0.3020854890346527
-0.1463676542043686
0.3118118941783905
-0.0015696720220148563
-0.12087072432041168
-0.21538077294826508
