-1.2995694875717163
-0.534492552280426
-0.4482933580875397
-0.0781182125210762
-1.2998861074447632
-0.4424641728401184
-0.4426480531692505
-0.08076181262731552
0.06239805743098259
0.24403241276741028
0.3733047842979431
0.024286506697535515
0.032270465046167374
-0.056742873042821884
0.027365176007151604
0.009868355467915535
-1.1811132431030273
-0.2768642008304596
-0.3003634810447693
-0.044221751391887665
0.2750309705734253
0.25144219398498535
0.3941313624382019
-0.0820707306265831
-0.05600568279623985
0.16168658435344696
0.09117747843265533
0.028943341225385666
0.04624820873141289
0.003481062827631831
0.0035976613871753216
-0.1404973268508911
0.20833592116832733
0.20382706820964813
0.2537030875682831
0.010027590207755566
-0.050910864025354385
0.2104652374982834
0.2861535847187042
-0.11788149923086166
0.045828718692064285
0.14025543630123138
0.15001752972602844
-0.006083602551370859
-1.1796176433563232
-0.2736680805683136
-0.43104469776153564
-0.07528980821371078
0.05093379691243172
-0.07554937154054642
0.011951049789786339
-0.059727560728788376
-1.3224472999572754
-0.3877201974391937
-0.490222305059433
-0.09286904335021973
0.11661006510257721
0.44032442569732666
0.3765210509300232
-0.1463676542043686
0.05773906037211418
0.09236770868301392
0.007046543061733246
-0.21538077294826508
