-0.06630081683397293
0.11290767788887024
-0.003378018969669938
0.033563174307346344
0.05245915800333023
0.0139386635273695
-0.04680333659052849
0.10575748234987259
0.0327892079949379
0.1094261035323143
0.010078026913106441
-0.04474884271621704
0.022922515869140625
0.012064216658473015
-0.1663132905960083
0.12614384293556213
-1.7373892068862915
-1.127328634262085
-0.0210519190877676
0.06481766700744629
-1.535156011581421
-0.006828981917351484
-0.08625336736440659
-0.03703923150897026
0.005624173209071159
-0.056931935250759125
-0.12471216917037964
-1.599204659461975
0.005282066762447357
-1.7087970972061157
0.004615752026438713
-0.23350180685520172
-1.8266198635101318
-1.055324673652649
0.04824691638350487
-0.018198205158114433
-1.5056371688842773
-0.012509173713624477
-0.05717388167977333
-0.019573623314499855
-0.012399130500853062
0.03666312247514725
-0.11648411303758621
-1.7101737260818481
0.12317364662885666
-1.5921846628189087
0.024051181972026825
-0.09526572376489639
