-0.8336018919944763
-0.72371506690979
-0.39413100481033325
-0.0781182125210762
-0.8425397276878357
-0.6660577058792114
-0.4165217876434326
-0.08076181262731552
0.12302737683057785
0.23631349205970764
0.4057461619377136
0.024286506697535515
0.032270465046167374
-0.056742873042821884
0.027365176007151604
0.009868355467915535
-0.750635027885437
-0.5371929407119751
-0.2945709228515625
-0.044221751391887665
0.3306542932987213
0.23781652748584747
0.41256871819496155
-0.0820707306265831
0.00618581660091877
0.176578551530838
0.14856240153312683
0.028943341225385666
0.07402577251195908
-0.0084729278460145
0.02362889237701893
-0.1404973268508911
0.2957378327846527
0.19913095235824585
0.284112811088562
0.010027590207755566
0.05629490315914154
0.20440177619457245
0.35002464056015015
-0.11788149923086166
0.10337177664041519
0.14408256113529205
0.20935212075710297
-0.006083602551370859
-0.6807393431663513
-0.5004780888557434
-0.39830976724624634
-0.07528980821371078
0.05093379691243172
-0.07554937154054642
0.011951049789786339
-0.059727560728788376
-0.8779952526092529
-0.5827136039733887
-0.43852755427360535
-0.09286904335021973
0.15743906795978546
0.4219241738319397
0.38465961813926697
-0.1463676542043686
0.036138687282800674
0.18842612206935883
0.15181881189346313
-0.21538077294826508
