-2.841994285583496
-0.4365963935852051
-0.2887621521949768
-0.0781182125210762
-1.1099069118499756
-0.15231136977672577
-0.2501920759677887
-0.08076181262731552
0.01988113857805729
-0.05397651344537735
0.16130417585372925
0.024286506697535515
0.032270465046167374
-0.056742873042821884
0.027365176007151604
0.009868355467915535
-1.281221866607666
-1.6509242057800293
-1.356500506401062
-0.044221751391887665
-0.03842104598879814
-0.12315883487462997
0.09215392917394638
-0.0820707306265831
0.003128101583570242
-0.06671115756034851
0.061576928943395615
0.028943341225385666
-0.0017836811020970345
0.004001430701464415
-0.004056169651448727
-0.1404973268508911
-0.06325936317443848
-0.12471714615821838
0.018808716908097267
0.010027590207755566
-0.015002627857029438
-0.13503871858119965
-0.003348661819472909
-0.11788149923086166
0.13915561139583588
-0.06614906340837479
-0.028138097375631332
-0.006083602551370859
-1.8072084188461304
-0.07112040370702744
-0.15831148624420166
-0.07528980821371078
0.05093379691243172
-0.07554937154054642
0.011951049789786339
-0.059727560728788376
-1.9020752906799316
-0.11761119961738586
-0.16758787631988525
-0.09286904335021973
-0.20009523630142212
0.12217232584953308
0.18674078583717346
-0.1463676542043686
0.30996572971343994
0.003651631763204932
-0.10687301307916641
-0.21538077294826508
