0.01687321625649929
-0.01562708429992199
0.05343956500291824
0.033563174307346344
-0.02056996524333954
0.08265619724988937
-0.11329255998134613
0.06326442956924438
-0.14694717526435852
-0.017661020159721375
-0.08253690600395203
-0.009145119227468967
0.022922515869140625
0.003252624534070492
0.009420069865882397
0.038713034242391586
-0.6674671173095703
-0.6125403046607971
0.04261358827352524
0.06481766700744629
-0.5574838519096375
0.08673842996358871
0.04480442777276039
-0.06917104870080948
-0.05716952681541443
-0.06134958937764168
-0.30122146010398865
-0.6392354369163513
0.005282066762447357
-0.6485507488250732
0.12402139604091644
-0.27929243445396423
-0.6835814714431763
-0.619937002658844
0.04420621693134308
-0.018198205158114433
-0.5756196975708008
0.0942964255809784
-0.14345598220825195
0.02715124748647213
0.11426875740289688
-0.11415186524391174
-0.020608771592378616
-0.6487354040145874
0.12317364662885666
-0.6579623222351074
0.09504424035549164
0.03948280215263367
