-0.028251569718122482
-0.033966321498155594
-0.11372941732406616
0.033563174307346344
-0.02117575891315937
0.03237972781062126
-0.11266829073429108
0.10575748234987259
-0.05475427210330963
-0.07597267627716064
0.05881433188915253
-0.06774411350488663
0.022922515869140625
0.00048070400953292847
-0.013848869130015373
0.13295884430408478
-1.0794364213943481
-0.9702450633049011
-0.03959069773554802
0.06481766700744629
-0.9358648657798767
-0.023229341953992844
-0.08024304360151291
-0.03703923150897026
-0.047013409435749054
-0.07277024537324905
-0.132004052400589
-0.9427205920219421
0.005282066762447357
-1.0409716367721558
0.01377517357468605
-0.24100595712661743
-1.025092601776123
-0.922153651714325
-0.04462355002760887
-0.018198205158114433
-0.8599538207054138
0.11798479408025742
-0.08873513340950012
-0.019573623314499855
-0.015272745862603188
-0.05510961264371872
-0.12990660965442657
-1.062225341796875
0.12317364662885666
-0.9961222410202026
0.1111179068684578
-0.09394092857837677
