-0.014700550585985184
-0.025940248742699623
0.028075333684682846
0.033563174307346344
0.010485555976629257
0.08293095231056213
-0.15435348451137543
0.0565766766667366
-0.10928577929735184
-0.05245286971330643
-0.0712817832827568
-0.03382670134305954
0.022922515869140625
0.00552319036796689
0.004592277575284243
0.10541584342718124
-0.7524100542068481
-0.7007352113723755
0.005389734636992216
0.06481766700744629
-0.7291953563690186
0.05605144798755646
-0.03678622841835022
-0.0808970257639885
-0.06869682669639587
-0.10209061205387115
-0.29512181878089905
-0.7369902729988098
0.005282066762447357
-0.7775444388389587
0.08985479921102524
-0.18869419395923615
-0.7965219020843506
-0.7278860807418823
0.03580255061388016
-0.018198205158114433
-0.6068833470344543
0.09023924916982651
-0.13700442016124725
0.024614930152893066
0.08919169753789902
-0.09459298849105835
-0.07809669524431229
-0.7530194520950317
0.12317364662885666
-0.7283033132553101
0.08775197714567184
0.006292600184679031
